           6
   104.171310    
   104.601578    
   104.849945    
   120.358749    
   121.142197    
   121.768318    
 Tev(Myr)    type      Mo        Mt      log10(L)  log10(R) log10(Teff)  Mc        Menv              epoch      spin                                  
    0.0000    1.0000    5.0000    5.0000    2.7244    0.4209    4.2339    0.0000  1.0000E-10      0.0000  4.2152E+03
    5.2008    1.0000    4.9998    4.9998    2.7336    0.4313    4.2310    0.0000  1.0000E-10      0.0000  4.1047E+03
   10.4021    1.0000    4.9996    4.9996    2.7436    0.4419    4.2282    0.0000  1.0000E-10     -0.0005  3.9947E+03
   15.6039    1.0000    4.9994    4.9994    2.7546    0.4527    4.2256    0.0000  1.0000E-10     -0.0015  3.8843E+03
   20.8062    1.0000    4.9992    4.9992    2.7664    0.4638    4.2230    0.0000  1.0000E-10     -0.0032  3.7724E+03
   26.0090    1.0000    4.9989    4.9989    2.7791    0.4754    4.2204    0.0000  1.0000E-10     -0.0055  3.6582E+03
   31.2124    1.0000    4.9987    4.9987    2.7927    0.4875    4.2177    0.0000  1.0000E-10     -0.0085  3.5408E+03
   36.4165    1.0000    4.9984    4.9984    2.8071    0.5003    4.2149    0.0000  1.0000E-10     -0.0124  3.4196E+03
   41.6212    1.0000    4.9981    4.9981    2.8225    0.5138    4.2120    0.0000  1.0000E-10     -0.0173  3.2939E+03
   46.8265    1.0000    4.9978    4.9978    2.8387    0.5283    4.2088    0.0000  1.0000E-10     -0.0233  3.1633E+03
   52.0327    1.0000    4.9975    4.9975    2.8558    0.5438    4.2053    0.0000  1.0000E-10     -0.0305  3.0270E+03
   57.2396    1.0000    4.9972    4.9972    2.8737    0.5605    4.2015    0.0000  1.0000E-10     -0.0392  2.8847E+03
   62.4474    1.0000    4.9968    4.9968    2.8926    0.5786    4.1971    0.0000  1.0000E-10     -0.0496  2.7355E+03
   67.6561    1.0000    4.9964    4.9964    2.9123    0.5984    4.1921    0.0000  1.0000E-10     -0.0620  2.5782E+03
   72.8659    1.0000    4.9959    4.9959    2.9329    0.6205    4.1862    0.0000  1.0000E-10     -0.0766  2.4110E+03
   78.0768    1.0000    4.9954    4.9954    2.9543    0.6455    4.1791    0.0000  1.0000E-10     -0.0939  2.2311E+03
   83.2890    1.0000    4.9949    4.9949    2.9766    0.6747    4.1701    0.0000  1.0000E-10     -0.1142  2.0347E+03
   88.5024    1.0000    4.9943    4.9943    2.9998    0.7096    4.1584    0.0000  1.0000E-10     -0.1379  1.8167E+03
   93.4281    1.0000    4.9936    4.9936    3.0224    0.7504    4.1437    0.0000  1.0000E-10     -0.1639  1.5864E+03
   97.3696    1.0000    4.9931    4.9931    3.0411    0.7906    4.1283    0.0000  1.0000E-10     -0.1878  1.3828E+03
  100.6158    1.0000    4.9926    4.9926    3.0569    0.8304    4.1123    0.0000  1.0000E-10     -0.2094  1.2027E+03
  104.1704    1.0000    4.9921    4.9921    3.1759    0.7881    4.1632    0.0000  1.0000E-10     -0.2350  1.3890E+03
  104.1713    1.0000    4.9921    4.9921    3.1761    0.7879    4.1633    0.0000  1.0000E-10     -0.2350  1.3901E+03
  104.1713    2.0000    4.9921    4.9921    3.1761    0.7879    4.1633    0.8415  1.0000E-10     -0.2350  1.6700E+03
  104.1914    2.0000    4.9921    4.9921    3.1647    0.8290    4.1399    0.8423  1.0000E-10     -0.2353  1.4496E+03
  104.2114    2.0000    4.9921    4.9921    3.1533    0.8701    4.1166    0.8431  1.0000E-10     -0.2356  1.2538E+03
  104.2314    2.0000    4.9921    4.9921    3.1420    0.9112    4.0932    0.8439  1.0000E-10     -0.2358  1.0809E+03
  104.2515    2.0000    4.9921    4.9921    3.1306    0.9523    4.0698    0.8447  1.0000E-10     -0.2363  9.2905E+02
  104.2715    2.0000    4.9921    4.9921    3.1192    0.9934    4.0464    0.8455  1.0000E-10     -0.2368  7.9623E+02
  104.2916    2.0000    4.9920    4.9920    3.1079    1.0345    4.0230    0.8463  1.0000E-10     -0.2373  6.8061E+02
  104.3116    2.0000    4.9920    4.9920    3.0965    1.0756    3.9996    0.8471  1.0000E-10     -0.2378  5.8039E+02
  104.3316    2.0000    4.9920    4.9920    3.0852    1.1167    3.9762    0.8478  1.0000E-10     -0.2384  4.9384E+02
  104.3517    2.0000    4.9920    4.9920    3.0738    1.1578    3.9528    0.8486  1.0000E-10     -0.2391  4.1935E+02
  104.3717    2.0000    4.9920    4.9920    3.0624    1.1989    3.9294    0.8494  1.0000E-10     -0.2397  3.5547E+02
  104.3918    2.0000    4.9920    4.9920    3.0511    1.2400    3.9060    0.8502  1.0000E-10     -0.2405  3.0082E+02
  104.4118    2.0000    4.9920    4.9920    3.0397    1.2811    3.8826    0.8510  1.0000E-10     -0.2412  2.5420E+02
  104.4319    2.0000    4.9920    4.9920    3.0283    1.3222    3.8592    0.8518  1.0000E-10     -0.2421  2.1453E+02
  104.4519    2.0000    4.9919    4.9919    3.0170    1.3633    3.8358    0.8526  1.0000E-10     -0.2430  1.8083E+02
  104.4719    2.0000    4.9919    4.9919    3.0056    1.4044    3.8124    0.8534  1.0000E-10     -0.2439  1.5227E+02
  104.4920    2.0000    4.9919    4.9919    2.9942    1.4456    3.7891    0.8541  1.0000E-10     -0.2450  1.2810E+02
  104.5120    2.0000    4.9919    4.9919    2.9829    1.4867    3.7657    0.8549  1.0000E-10     -0.2461  1.0768E+02
  104.5321    2.0000    4.9918    4.9918    2.9715    1.5278    3.7423    0.8557  2.4519E-05     -0.2472  8.9878E+01
  104.5521    2.0000    4.9918    4.9918    2.9601    1.5689    3.7189    0.8565  1.0123E-02     -0.2485  6.1398E+01
  104.5722    2.0000    4.9918    4.9918    2.9488    1.6100    3.6955    0.8573  1.6093E-01     -0.2498  2.8139E+01
  104.5922    2.0000    4.9918    4.9918    2.9374    1.6511    3.6721    0.8581  1.0258E+00     -0.2513  1.0903E+01
  104.6016    2.0000    4.9918    4.9918    2.9321    1.6702    3.6612    0.8584  2.0666E+00     -0.2520  7.0499E+00
  104.6016    3.0000    4.9918    4.9918    2.9321    1.6703    3.6612    0.8584  2.0667E+00     -0.2520  7.0495E+00
  104.6054    3.0000    4.9918    4.9917    2.9376    1.6740    3.6607    0.8585  2.0927E+00     -0.2520  6.9131E+00
  104.6092    3.0000    4.9918    4.9917    2.9430    1.6778    3.6601    0.8585  2.1189E+00     -0.2520  6.7795E+00
  104.6130    3.0000    4.9918    4.9917    2.9485    1.6815    3.6596    0.8586  2.1453E+00     -0.2520  6.6486E+00
  104.6168    3.0000    4.9918    4.9917    2.9539    1.6853    3.6591    0.8586  2.1717E+00     -0.2520  6.5204E+00
  104.6205    3.0000    4.9918    4.9917    2.9594    1.6890    3.6586    0.8587  2.1984E+00     -0.2520  6.3949E+00
  104.6241    3.0000    4.9918    4.9917    2.9648    1.6928    3.6581    0.8587  2.2252E+00     -0.2520  6.2719E+00
  104.6278    3.0000    4.9918    4.9917    2.9703    1.6965    3.6576    0.8588  2.2521E+00     -0.2520  6.1514E+00
  104.6314    3.0000    4.9918    4.9917    2.9758    1.7003    3.6571    0.8588  2.2792E+00     -0.2520  6.0334E+00
  104.6349    3.0000    4.9918    4.9917    2.9812    1.7041    3.6565    0.8589  2.3064E+00     -0.2520  5.9178E+00
  104.6384    3.0000    4.9918    4.9917    2.9867    1.7078    3.6560    0.8589  2.3338E+00     -0.2520  5.8045E+00
  104.6419    3.0000    4.9918    4.9917    2.9921    1.7116    3.6555    0.8590  2.3613E+00     -0.2520  5.6936E+00
  104.6454    3.0000    4.9918    4.9917    2.9976    1.7154    3.6550    0.8590  2.3889E+00     -0.2520  5.5848E+00
  104.6488    3.0000    4.9918    4.9917    3.0030    1.7191    3.6545    0.8590  2.4167E+00     -0.2520  5.4783E+00
  104.6522    3.0000    4.9918    4.9917    3.0085    1.7229    3.6539    0.8591  2.4446E+00     -0.2520  5.3740E+00
  104.6555    3.0000    4.9918    4.9917    3.0139    1.7267    3.6534    0.8591  2.4726E+00     -0.2520  5.2717E+00
  104.6588    3.0000    4.9918    4.9916    3.0194    1.7304    3.6529    0.8592  2.5007E+00     -0.2520  5.1715E+00
  104.6621    3.0000    4.9918    4.9916    3.0249    1.7342    3.6524    0.8592  2.5289E+00     -0.2520  5.0734E+00
  104.6654    3.0000    4.9918    4.9916    3.0303    1.7380    3.6519    0.8593  2.5573E+00     -0.2520  4.9772E+00
  104.6686    3.0000    4.9918    4.9916    3.0358    1.7418    3.6513    0.8593  2.5857E+00     -0.2520  4.8829E+00
  104.6718    3.0000    4.9918    4.9916    3.0412    1.7455    3.6508    0.8594  2.6142E+00     -0.2520  4.7905E+00
  104.6749    3.0000    4.9918    4.9916    3.0467    1.7493    3.6503    0.8594  2.6429E+00     -0.2520  4.7000E+00
  104.6780    3.0000    4.9918    4.9916    3.0521    1.7531    3.6498    0.8594  2.6716E+00     -0.2520  4.6112E+00
  104.6811    3.0000    4.9918    4.9916    3.0576    1.7569    3.6492    0.8595  2.7003E+00     -0.2520  4.5243E+00
  104.6842    3.0000    4.9918    4.9916    3.0630    1.7606    3.6487    0.8595  2.7292E+00     -0.2520  4.4391E+00
  104.6872    3.0000    4.9918    4.9916    3.0685    1.7644    3.6482    0.8596  2.7581E+00     -0.2520  4.3555E+00
  104.6902    3.0000    4.9918    4.9916    3.0740    1.7682    3.6477    0.8596  2.7871E+00     -0.2520  4.2737E+00
  104.6932    3.0000    4.9918    4.9916    3.0794    1.7720    3.6471    0.8596  2.8161E+00     -0.2520  4.1934E+00
  104.6961    3.0000    4.9918    4.9916    3.0849    1.7758    3.6466    0.8597  2.8452E+00     -0.2520  4.1148E+00
  104.6990    3.0000    4.9918    4.9915    3.0903    1.7796    3.6461    0.8597  2.8743E+00     -0.2520  4.0377E+00
  104.7019    3.0000    4.9918    4.9915    3.0958    1.7834    3.6455    0.8597  2.9034E+00     -0.2520  3.9621E+00
  104.7048    3.0000    4.9918    4.9915    3.1012    1.7872    3.6450    0.8598  2.9325E+00     -0.2520  3.8880E+00
  104.7076    3.0000    4.9918    4.9915    3.1067    1.7909    3.6445    0.8598  2.9617E+00     -0.2520  3.8154E+00
  104.7104    3.0000    4.9918    4.9915    3.1122    1.7947    3.6439    0.8599  2.9909E+00     -0.2520  3.7442E+00
  104.7131    3.0000    4.9918    4.9915    3.1176    1.7985    3.6434    0.8599  3.0200E+00     -0.2520  3.6744E+00
  104.7159    3.0000    4.9918    4.9915    3.1231    1.8023    3.6429    0.8599  3.0492E+00     -0.2520  3.6060E+00
  104.7186    3.0000    4.9918    4.9915    3.1285    1.8061    3.6423    0.8600  3.0783E+00     -0.2520  3.5389E+00
  104.7213    3.0000    4.9918    4.9915    3.1340    1.8099    3.6418    0.8600  3.1074E+00     -0.2520  3.4731E+00
  104.7239    3.0000    4.9918    4.9915    3.1394    1.8137    3.6413    0.8600  3.1364E+00     -0.2520  3.4086E+00
  104.7266    3.0000    4.9918    4.9915    3.1449    1.8175    3.6407    0.8601  3.1654E+00     -0.2520  3.3454E+00
  104.7292    3.0000    4.9918    4.9914    3.1503    1.8213    3.6402    0.8601  3.1942E+00     -0.2520  3.2834E+00
  104.7318    3.0000    4.9918    4.9914    3.1558    1.8251    3.6397    0.8601  3.2231E+00     -0.2520  3.2226E+00
  104.7343    3.0000    4.9918    4.9914    3.1613    1.8289    3.6391    0.8602  3.2518E+00     -0.2520  3.1630E+00
  104.7368    3.0000    4.9918    4.9914    3.1667    1.8327    3.6386    0.8602  3.2804E+00     -0.2520  3.1046E+00
  104.7393    3.0000    4.9918    4.9914    3.1722    1.8365    3.6380    0.8602  3.3089E+00     -0.2520  3.0472E+00
  104.7418    3.0000    4.9918    4.9914    3.1776    1.8403    3.6375    0.8603  3.3372E+00     -0.2520  2.9910E+00
  104.7443    3.0000    4.9918    4.9914    3.1831    1.8441    3.6370    0.8603  3.3654E+00     -0.2520  2.9359E+00
  104.7467    3.0000    4.9918    4.9914    3.1885    1.8480    3.6364    0.8603  3.3935E+00     -0.2520  2.8818E+00
  104.7491    3.0000    4.9918    4.9914    3.1940    1.8518    3.6359    0.8604  3.4213E+00     -0.2520  2.8288E+00
  104.7515    3.0000    4.9918    4.9914    3.1994    1.8556    3.6353    0.8604  3.4490E+00     -0.2520  2.7768E+00
  104.7538    3.0000    4.9918    4.9913    3.2049    1.8594    3.6348    0.8604  3.4765E+00     -0.2520  2.7258E+00
  104.7562    3.0000    4.9918    4.9913    3.2104    1.8632    3.6343    0.8605  3.5037E+00     -0.2520  2.6758E+00
  104.7585    3.0000    4.9918    4.9913    3.2158    1.8670    3.6337    0.8605  3.5307E+00     -0.2520  2.6267E+00
  104.7607    3.0000    4.9918    4.9913    3.2213    1.8708    3.6332    0.8605  3.5574E+00     -0.2520  2.5786E+00
  104.7630    3.0000    4.9918    4.9913    3.2267    1.8747    3.6326    0.8606  3.5838E+00     -0.2520  2.5314E+00
  104.7653    3.0000    4.9918    4.9913    3.2322    1.8785    3.6321    0.8606  3.6099E+00     -0.2520  2.4851E+00
  104.7675    3.0000    4.9918    4.9913    3.2376    1.8823    3.6315    0.8606  3.6357E+00     -0.2520  2.4397E+00
  104.7697    3.0000    4.9918    4.9913    3.2431    1.8861    3.6310    0.8606  3.6612E+00     -0.2520  2.3952E+00
  104.7718    3.0000    4.9918    4.9913    3.2486    1.8899    3.6304    0.8607  3.6863E+00     -0.2520  2.3515E+00
  104.7740    3.0000    4.9918    4.9912    3.2540    1.8938    3.6299    0.8607  3.7110E+00     -0.2520  2.3086E+00
  104.7761    3.0000    4.9918    4.9912    3.2595    1.8976    3.6293    0.8607  3.7353E+00     -0.2520  2.2665E+00
  104.7782    3.0000    4.9918    4.9912    3.2649    1.9014    3.6288    0.8608  3.7591E+00     -0.2520  2.2253E+00
  104.7803    3.0000    4.9918    4.9912    3.2704    1.9052    3.6282    0.8608  3.7825E+00     -0.2520  2.1848E+00
  104.7824    3.0000    4.9918    4.9912    3.2758    1.9091    3.6277    0.8608  3.8055E+00     -0.2520  2.1451E+00
  104.7844    3.0000    4.9918    4.9912    3.2813    1.9129    3.6271    0.8608  3.8279E+00     -0.2520  2.1061E+00
  104.7865    3.0000    4.9918    4.9912    3.2867    1.9167    3.6266    0.8609  3.8498E+00     -0.2520  2.0679E+00
  104.7885    3.0000    4.9918    4.9912    3.2922    1.9206    3.6260    0.8609  3.8711E+00     -0.2520  2.0304E+00
  104.7905    3.0000    4.9918    4.9911    3.2977    1.9244    3.6255    0.8609  3.8918E+00     -0.2520  1.9936E+00
  104.7924    3.0000    4.9918    4.9911    3.3031    1.9282    3.6249    0.8609  3.9119E+00     -0.2520  1.9575E+00
  104.7944    3.0000    4.9918    4.9911    3.3086    1.9321    3.6244    0.8610  3.9314E+00     -0.2520  1.9221E+00
  104.7963    3.0000    4.9918    4.9911    3.3140    1.9359    3.6238    0.8610  3.9501E+00     -0.2520  1.8873E+00
  104.7982    3.0000    4.9918    4.9911    3.3195    1.9397    3.6233    0.8610  3.9682E+00     -0.2520  1.8532E+00
  104.8001    3.0000    4.9918    4.9911    3.3249    1.9436    3.6227    0.8610  3.9855E+00     -0.2520  1.8197E+00
  104.8020    3.0000    4.9918    4.9911    3.3304    1.9474    3.6222    0.8611  4.0020E+00     -0.2520  1.7869E+00
  104.8038    3.0000    4.9918    4.9910    3.3358    1.9512    3.6216    0.8611  4.0177E+00     -0.2520  1.7546E+00
  104.8056    3.0000    4.9918    4.9910    3.3413    1.9551    3.6211    0.8611  4.0326E+00     -0.2520  1.7230E+00
  104.8074    3.0000    4.9918    4.9910    3.3468    1.9589    3.6205    0.8611  4.0465E+00     -0.2520  1.6920E+00
  104.8092    3.0000    4.9918    4.9910    3.3522    1.9628    3.6199    0.8612  4.0596E+00     -0.2520  1.6615E+00
  104.8110    3.0000    4.9918    4.9910    3.3577    1.9666    3.6194    0.8612  4.0716E+00     -0.2520  1.6316E+00
  104.8128    3.0000    4.9918    4.9910    3.3631    1.9705    3.6188    0.8612  4.0827E+00     -0.2520  1.6023E+00
  104.8145    3.0000    4.9918    4.9910    3.3686    1.9743    3.6183    0.8612  4.0927E+00     -0.2520  1.5735E+00
  104.8163    3.0000    4.9918    4.9909    3.3740    1.9782    3.6177    0.8613  4.1016E+00     -0.2520  1.5452E+00
  104.8180    3.0000    4.9918    4.9909    3.3795    1.9820    3.6171    0.8613  4.1093E+00     -0.2520  1.5175E+00
  104.8196    3.0000    4.9918    4.9909    3.3850    1.9859    3.6166    0.8613  4.1159E+00     -0.2520  1.4902E+00
  104.8213    3.0000    4.9918    4.9909    3.3904    1.9897    3.6160    0.8613  4.1212E+00     -0.2520  1.4635E+00
  104.8230    3.0000    4.9918    4.9909    3.3959    1.9936    3.6155    0.8613  4.1253E+00     -0.2520  1.4373E+00
  104.8246    3.0000    4.9918    4.9909    3.4013    1.9974    3.6149    0.8614  4.1280E+00     -0.2520  1.4115E+00
  104.8262    3.0000    4.9918    4.9908    3.4068    2.0013    3.6143    0.8614  4.1293E+00     -0.2520  1.3862E+00
  104.8279    3.0000    4.9918    4.9908    3.4122    2.0051    3.6138    0.8614  4.1294E+00     -0.2520  1.3614E+00
  104.8294    3.0000    4.9918    4.9908    3.4177    2.0090    3.6132    0.8614  4.1294E+00     -0.2520  1.3371E+00
  104.8310    3.0000    4.9918    4.9908    3.4231    2.0128    3.6126    0.8614  4.1294E+00     -0.2520  1.3132E+00
  104.8326    3.0000    4.9918    4.9908    3.4286    2.0167    3.6121    0.8615  4.1293E+00     -0.2520  1.2897E+00
  104.8341    3.0000    4.9918    4.9908    3.4341    2.0205    3.6115    0.8615  4.1293E+00     -0.2520  1.2667E+00
  104.8357    3.0000    4.9918    4.9907    3.4395    2.0244    3.6109    0.8615  4.1292E+00     -0.2520  1.2441E+00
  104.8372    3.0000    4.9918    4.9907    3.4450    2.0283    3.6104    0.8615  4.1292E+00     -0.2520  1.2219E+00
  104.8387    3.0000    4.9918    4.9907    3.4504    2.0321    3.6098    0.8615  4.1292E+00     -0.2520  1.2001E+00
  104.8401    3.0000    4.9918    4.9907    3.4559    2.0360    3.6092    0.8616  4.1291E+00     -0.2520  1.1787E+00
  104.8416    3.0000    4.9918    4.9907    3.4613    2.0399    3.6087    0.8616  4.1291E+00     -0.2520  1.1577E+00
  104.8431    3.0000    4.9918    4.9907    3.4668    2.0437    3.6081    0.8616  4.1291E+00     -0.2520  1.1370E+00
  104.8445    3.0000    4.9918    4.9906    3.4722    2.0476    3.6075    0.8616  4.1290E+00     -0.2520  1.1168E+00
  104.8459    3.0000    4.9918    4.9906    3.4777    2.0515    3.6070    0.8616  4.1290E+00     -0.2520  1.0969E+00
  104.8474    3.0000    4.9918    4.9906    3.4832    2.0553    3.6064    0.8617  4.1289E+00     -0.2520  1.0774E+00
  104.8487    3.0000    4.9918    4.9906    3.4886    2.0592    3.6058    0.8617  4.1289E+00     -0.2520  1.0582E+00
  104.8499    4.0000    4.9918    4.9906    3.4934    2.0625    3.6053    0.8617  4.1289E+00     -0.2520  1.0419E+00
  105.0050    4.0000    4.9918    4.9883    3.4573    2.0371    3.6091    0.8649  4.1234E+00     -0.2520  1.1714E+00
  105.1601    4.0000    4.9918    4.9864    3.4233    2.0131    3.6125    0.8682  4.1182E+00     -0.2520  1.3090E+00
  105.3152    4.0000    4.9918    4.9847    3.3913    1.9905    3.6158    0.8714  4.1132E+00     -0.2520  1.4540E+00
  105.4703    4.0000    4.9918    4.9832    3.3612    1.9693    3.6189    0.8747  4.1085E+00     -0.2520  1.6057E+00
  105.6254    4.0000    4.9918    4.9819    3.3329    1.9495    3.6217    0.8779  4.1039E+00     -0.2520  1.7632E+00
  105.7805    4.0000    4.9918    4.9807    3.3064    1.9309    3.6244    0.8812  4.0995E+00     -0.2520  1.9253E+00
  105.9356    4.0000    4.9918    4.9796    3.2817    1.9136    3.6269    0.8844  4.0951E+00     -0.2520  2.0910E+00
  106.0907    4.0000    4.9918    4.9786    3.2587    1.8975    3.6292    0.8877  4.0909E+00     -0.2520  2.2589E+00
  106.2457    4.0000    4.9918    4.9777    3.2373    1.8825    3.6313    0.8909  4.0868E+00     -0.2520  2.4278E+00
  106.4008    4.0000    4.9918    4.9769    3.2174    1.8687    3.6333    0.8942  4.0827E+00     -0.2520  2.5964E+00
  106.5559    4.0000    4.9918    4.9761    3.1991    1.8559    3.6351    0.8974  4.0787E+00     -0.2520  2.7632E+00
  106.7110    4.0000    4.9918    4.9754    3.1822    1.8441    3.6368    0.9007  4.0747E+00     -0.2520  2.9270E+00
  106.8661    4.0000    4.9918    4.9748    3.1666    1.8333    3.6383    0.9039  4.0708E+00     -0.2520  3.0866E+00
  107.0212    4.0000    4.9918    4.9741    3.1524    1.8234    3.6397    0.9072  4.0669E+00     -0.2520  3.2406E+00
  107.1763    4.0000    4.9918    4.9736    3.1395    1.8144    3.6409    0.9105  4.0631E+00     -0.2520  3.3881E+00
  107.3314    4.0000    4.9918    4.9730    3.1278    1.8063    3.6421    0.9137  4.0593E+00     -0.2520  3.5281E+00
  107.4864    4.0000    4.9918    4.9725    3.1172    1.7989    3.6431    0.9170  4.0555E+00     -0.2520  3.6598E+00
  107.6415    4.0000    4.9918    4.9719    3.1077    1.7923    3.6440    0.9202  4.0517E+00     -0.2520  3.7825E+00
  107.7966    4.0000    4.9918    4.9714    3.0993    1.7865    3.6448    0.9235  4.0480E+00     -0.2520  3.8958E+00
  107.9517    4.0000    4.9918    4.9710    3.0918    1.7813    3.6456    0.9267  4.0443E+00     -0.2520  3.9992E+00
  108.1068    4.0000    4.9918    4.9705    3.0852    1.7768    3.6462    0.9300  4.0405E+00     -0.2520  4.0926E+00
  108.2619    4.0000    4.9918    4.9700    3.0795    1.7728    3.6467    0.9332  4.0368E+00     -0.2520  4.1760E+00
  108.4170    4.0000    4.9918    4.9696    3.0746    1.7694    3.6472    0.9365  4.0331E+00     -0.2520  4.2495E+00
  108.5721    4.0000    4.9918    4.9692    3.0704    1.7665    3.6476    0.9397  4.0295E+00     -0.2520  4.3133E+00
  108.7271    4.0000    4.9918    4.9687    3.0668    1.7641    3.6479    0.9430  4.0258E+00     -0.2520  4.3680E+00
  108.8822    4.0000    4.9918    4.9683    3.0639    1.7621    3.6482    0.9462  4.0221E+00     -0.2520  4.4139E+00
  109.0373    4.0000    4.9918    4.9679    3.0616    1.7605    3.6484    0.9495  4.0184E+00     -0.2520  4.4517E+00
  109.1924    4.0000    4.9918    4.9675    3.0597    1.7592    3.6486    0.9527  4.0148E+00     -0.2520  4.4822E+00
  109.3475    4.0000    4.9918    4.9671    3.0583    1.7582    3.6487    0.9560  4.0111E+00     -0.2520  4.5059E+00
  109.5026    4.0000    4.9918    4.9667    3.0573    1.7575    3.6488    0.9592  4.0075E+00     -0.2520  4.5238E+00
  109.6577    4.0000    4.9918    4.9663    3.0566    1.7571    3.6489    0.9625  4.0038E+00     -0.2520  4.5368E+00
  109.8128    4.0000    4.9918    4.9658    3.0561    1.7568    3.6489    0.9657  4.0001E+00     -0.2520  4.5456E+00
  109.9678    4.0000    4.9918    4.9654    3.0559    1.7566    3.6489    0.9690  3.9965E+00     -0.2520  4.5513E+00
  110.1229    4.0000    4.9918    4.9650    3.0558    1.7565    3.6489    0.9722  3.9928E+00     -0.2520  4.5548E+00
  110.2780    4.0000    4.9918    4.9646    3.0557    1.7565    3.6489    0.9755  3.9892E+00     -0.2520  4.5569E+00
  110.4331    4.0000    4.9918    4.9642    3.0580    1.7565    3.6495    0.9787  3.7560E+00     -0.2520  4.6977E+00
  110.5882    4.0000    4.9918    4.9638    3.0620    1.7566    3.6505    0.9820  3.3935E+00     -0.2520  4.9436E+00
  110.7433    4.0000    4.9918    4.9634    3.0659    1.7566    3.6515    0.9852  3.0639E+00     -0.2520  5.2018E+00
  110.8984    4.0000    4.9918    4.9630    3.0699    1.7566    3.6524    0.9885  2.7645E+00     -0.2520  5.4722E+00
  111.0535    4.0000    4.9918    4.9626    3.0738    1.7567    3.6534    0.9917  2.4932E+00     -0.2520  5.7548E+00
  111.2085    4.0000    4.9918    4.9621    3.0778    1.7567    3.6544    0.9950  2.2476E+00     -0.2520  6.0495E+00
  111.3636    4.0000    4.9918    4.9617    3.0818    1.7568    3.6553    0.9982  2.0256E+00     -0.2520  6.3560E+00
  111.5187    4.0000    4.9918    4.9613    3.0857    1.7569    3.6562    1.0015  1.8253E+00     -0.2520  6.6738E+00
  111.6738    4.0000    4.9918    4.9609    3.0897    1.7571    3.6572    1.0047  1.6448E+00     -0.2520  7.0022E+00
  111.8289    4.0000    4.9918    4.9604    3.0937    1.7572    3.6581    1.0080  1.4824E+00     -0.2520  7.3405E+00
  111.9840    4.0000    4.9918    4.9600    3.0977    1.7575    3.6590    1.0112  1.3365E+00     -0.2520  7.6876E+00
  112.1391    4.0000    4.9918    4.9595    3.1017    1.7577    3.6598    1.0145  1.2055E+00     -0.2520  8.0425E+00
  112.2942    4.0000    4.9918    4.9591    3.1057    1.7580    3.6607    1.0177  1.0880E+00     -0.2520  8.4036E+00
  112.4493    4.0000    4.9918    4.9586    3.1097    1.7583    3.6615    1.0210  9.8289E-01     -0.2520  8.7694E+00
  112.6043    4.0000    4.9918    4.9582    3.1137    1.7587    3.6623    1.0242  8.8887E-01     -0.2520  9.1381E+00
  112.7594    4.0000    4.9918    4.9577    3.1177    1.7592    3.6631    1.0275  8.0489E-01     -0.2520  9.5076E+00
  112.9145    4.0000    4.9918    4.9572    3.1217    1.7597    3.6638    1.0307  7.2996E-01     -0.2520  9.8758E+00
  113.0696    4.0000    4.9918    4.9567    3.1257    1.7603    3.6645    1.0340  6.6319E-01     -0.2520  1.0240E+01
  113.2247    4.0000    4.9918    4.9563    3.1297    1.7609    3.6652    1.0372  6.0375E-01     -0.2520  1.0599E+01
  113.3798    4.0000    4.9918    4.9558    3.1337    1.7617    3.6659    1.0405  5.5091E-01     -0.2520  1.0948E+01
  113.5349    4.0000    4.9918    4.9553    3.1377    1.7625    3.6665    1.0437  5.0400E-01     -0.2520  1.1286E+01
  113.6900    4.0000    4.9918    4.9548    3.1417    1.7633    3.6670    1.0470  4.6241E-01     -0.2520  1.1609E+01
  113.8450    4.0000    4.9918    4.9543    3.1457    1.7643    3.6676    1.0502  4.2562E-01     -0.2520  1.1915E+01
  114.0001    4.0000    4.9918    4.9538    3.1498    1.7653    3.6680    1.0535  3.9313E-01     -0.2520  1.2201E+01
  114.1552    4.0000    4.9918    4.9533    3.1538    1.7665    3.6685    1.0567  3.6451E-01     -0.2520  1.2464E+01
  114.3103    4.0000    4.9918    4.9527    3.1578    1.7677    3.6689    1.0600  3.3939E-01     -0.2520  1.2702E+01
  114.4654    4.0000    4.9918    4.9522    3.1618    1.7690    3.6692    1.0632  3.1742E-01     -0.2520  1.2911E+01
  114.6205    4.0000    4.9918    4.9517    3.1658    1.7705    3.6695    1.0665  2.9830E-01     -0.2520  1.3090E+01
  114.7756    4.0000    4.9918    4.9511    3.1698    1.7720    3.6697    1.0697  2.8179E-01     -0.2520  1.3237E+01
  114.9307    4.0000    4.9918    4.9506    3.1739    1.7736    3.6699    1.0730  2.6766E-01     -0.2520  1.3349E+01
  115.0857    4.0000    4.9918    4.9500    3.1779    1.7754    3.6700    1.0762  2.5573E-01     -0.2520  1.3425E+01
  115.2408    4.0000    4.9918    4.9495    3.1819    1.7773    3.6701    1.0795  2.4583E-01     -0.2520  1.3463E+01
  115.3959    4.0000    4.9918    4.9489    3.1859    1.7793    3.6701    1.0827  2.3784E-01     -0.2520  1.3463E+01
  115.5510    4.0000    4.9918    4.9483    3.1899    1.7814    3.6700    1.0860  2.3166E-01     -0.2520  1.3423E+01
  115.7061    4.0000    4.9918    4.9477    3.1940    1.7837    3.6699    1.0892  2.2723E-01     -0.2520  1.3344E+01
  115.8612    4.0000    4.9918    4.9471    3.1980    1.7861    3.6697    1.0925  2.2450E-01     -0.2520  1.3224E+01
  116.0163    4.0000    4.9918    4.9465    3.2020    1.7886    3.6695    1.0957  2.2348E-01     -0.2520  1.3064E+01
  116.1714    4.0000    4.9918    4.9459    3.2060    1.7913    3.6691    1.0990  2.2416E-01     -0.2520  1.2865E+01
  116.3265    4.0000    4.9918    4.9453    3.2101    1.7941    3.6687    1.1022  2.2662E-01     -0.2520  1.2627E+01
  116.4815    4.0000    4.9918    4.9447    3.2141    1.7970    3.6683    1.1055  2.3093E-01     -0.2520  1.2352E+01
  116.6366    4.0000    4.9918    4.9440    3.2181    1.8002    3.6677    1.1087  2.3723E-01     -0.2520  1.2040E+01
  116.7917    4.0000    4.9918    4.9434    3.2221    1.8034    3.6671    1.1120  2.4569E-01     -0.2520  1.1695E+01
  116.9468    4.0000    4.9918    4.9427    3.2261    1.8069    3.6664    1.1152  2.5652E-01     -0.2520  1.1319E+01
  117.1019    4.0000    4.9918    4.9420    3.2302    1.8105    3.6656    1.1185  2.7001E-01     -0.2520  1.0913E+01
  117.2570    4.0000    4.9918    4.9413    3.2342    1.8142    3.6647    1.1217  2.8651E-01     -0.2520  1.0480E+01
  117.4121    4.0000    4.9918    4.9406    3.2382    1.8182    3.6637    1.1250  3.0646E-01     -0.2520  1.0025E+01
  117.5672    4.0000    4.9918    4.9399    3.2422    1.8223    3.6627    1.1282  3.3038E-01     -0.2520  9.5502E+00
  117.7222    4.0000    4.9918    4.9392    3.2463    1.8266    3.6615    1.1315  3.5892E-01     -0.2520  9.0596E+00
  117.8773    4.0000    4.9918    4.9384    3.2503    1.8310    3.6603    1.1347  3.9287E-01     -0.2520  8.5571E+00
  118.0324    4.0000    4.9918    4.9377    3.2543    1.8357    3.6590    1.1380  4.3318E-01     -0.2520  8.0469E+00
  118.1875    4.0000    4.9918    4.9369    3.2583    1.8406    3.6576    1.1412  4.8102E-01     -0.2520  7.5331E+00
  118.3426    4.0000    4.9918    4.9361    3.2623    1.8456    3.6561    1.1445  5.3779E-01     -0.2520  7.0200E+00
  118.4977    4.0000    4.9918    4.9353    3.2664    1.8509    3.6544    1.1477  6.0523E-01     -0.2520  6.5115E+00
  118.6528    4.0000    4.9918    4.9345    3.2704    1.8563    3.6527    1.1510  6.8539E-01     -0.2520  6.0117E+00
  118.8079    4.0000    4.9918    4.9337    3.2744    1.8620    3.6509    1.1542  7.8083E-01     -0.2520  5.5242E+00
  118.9630    4.0000    4.9918    4.9328    3.2784    1.8678    3.6490    1.1575  8.9461E-01     -0.2520  5.0523E+00
  119.1180    4.0000    4.9918    4.9319    3.2824    1.8739    3.6469    1.1607  1.0305E+00     -0.2520  4.5992E+00
  119.2731    4.0000    4.9918    4.9310    3.2865    1.8802    3.6448    1.1640  1.1930E+00     -0.2520  4.1672E+00
  119.4282    4.0000    4.9918    4.9301    3.2905    1.8867    3.6425    1.1672  1.3878E+00     -0.2520  3.7585E+00
  119.5833    4.0000    4.9918    4.9291    3.2945    1.8935    3.6402    1.1705  1.6215E+00     -0.2520  3.3745E+00
  119.7384    4.0000    4.9918    4.9282    3.2985    1.9005    3.6377    1.1737  1.9025E+00     -0.2520  3.0164E+00
  119.8935    4.0000    4.9918    4.9272    3.3025    1.9077    3.6351    1.1770  2.2409E+00     -0.2520  2.6846E+00
  120.0486    4.0000    4.9918    4.9262    3.3065    1.9151    3.6323    1.1802  2.6489E+00     -0.2520  2.3793E+00
  120.2037    4.0000    4.9918    4.9251    3.3105    1.9228    3.6295    1.1835  3.1415E+00     -0.2520  2.1001E+00
  120.3587    4.0000    4.9918    4.9240    3.3145    1.9307    3.6265    1.1867  3.7373E+00     -0.2520  1.8465E+00
  120.3587    5.0000    4.9918    4.9240    3.3146    1.9307    3.6265    1.1867  3.7373E+00     -0.2520  1.8464E+00
  120.3777    5.0000    4.9918    4.9239    3.3255    1.9383    3.6255    1.1867  3.7372E+00     -0.2520  1.7814E+00
  120.3962    5.0000    4.9918    4.9238    3.3365    1.9458    3.6245    1.1867  3.7370E+00     -0.2520  1.7188E+00
  120.4144    5.0000    4.9918    4.9236    3.3475    1.9533    3.6235    1.1867  3.7369E+00     -0.2520  1.6584E+00
  120.4322    5.0000    4.9918    4.9235    3.3584    1.9608    3.6225    1.1867  3.7367E+00     -0.2520  1.6003E+00
  120.4496    5.0000    4.9918    4.9233    3.3694    1.9684    3.6214    1.1867  3.7366E+00     -0.2520  1.5442E+00
  120.4667    5.0000    4.9918    4.9232    3.3804    1.9759    3.6204    1.1867  3.7364E+00     -0.2520  1.4901E+00
  120.4835    5.0000    4.9918    4.9230    3.3913    1.9835    3.6194    1.1867  3.7363E+00     -0.2520  1.4380E+00
  120.4999    5.0000    4.9918    4.9229    3.4023    1.9910    3.6183    1.1867  3.7361E+00     -0.2520  1.3878E+00
  120.5160    5.0000    4.9918    4.9227    3.4133    1.9986    3.6173    1.1867  3.7360E+00     -0.2520  1.3394E+00
  120.5317    5.0000    4.9918    4.9225    3.4242    2.0061    3.6163    1.1867  3.7358E+00     -0.2520  1.2927E+00
  120.5472    5.0000    4.9918    4.9224    3.4352    2.0137    3.6152    1.1867  3.7356E+00     -0.2520  1.2477E+00
  120.5623    5.0000    4.9918    4.9222    3.4462    2.0213    3.6142    1.1867  3.7354E+00     -0.2520  1.2042E+00
  120.5772    5.0000    4.9918    4.9220    3.4571    2.0288    3.6131    1.1867  3.7353E+00     -0.2520  1.1623E+00
  120.5917    5.0000    4.9918    4.9218    3.4681    2.0364    3.6121    1.1867  3.7351E+00     -0.2520  1.1219E+00
  120.6060    5.0000    4.9918    4.9216    3.4791    2.0440    3.6110    1.1867  3.7349E+00     -0.2520  1.0830E+00
  120.6200    5.0000    4.9918    4.9215    3.4900    2.0516    3.6100    1.1867  3.7347E+00     -0.2520  1.0454E+00
  120.6337    5.0000    4.9918    4.9213    3.5010    2.0592    3.6089    1.1867  3.7345E+00     -0.2520  1.0091E+00
  120.6471    5.0000    4.9918    4.9211    3.5120    2.0667    3.6079    1.1867  3.7343E+00     -0.2520  9.7414E-01
  120.6602    5.0000    4.9918    4.9209    3.5229    2.0743    3.6068    1.1867  3.7341E+00     -0.2520  9.4038E-01
  120.6731    5.0000    4.9918    4.9207    3.5339    2.0819    3.6058    1.1867  3.7339E+00     -0.2520  9.0781E-01
  120.6857    5.0000    4.9918    4.9204    3.5449    2.0896    3.6047    1.1867  3.7337E+00     -0.2520  8.7637E-01
  120.6981    5.0000    4.9918    4.9202    3.5558    2.0972    3.6036    1.1867  3.7335E+00     -0.2520  8.4604E-01
  120.7102    5.0000    4.9918    4.9200    3.5668    2.1048    3.6026    1.1867  3.7333E+00     -0.2520  8.1676E-01
  120.7221    5.0000    4.9918    4.9198    3.5778    2.1124    3.6015    1.1867  3.7330E+00     -0.2520  7.8850E-01
  120.7338    5.0000    4.9918    4.9195    3.5887    2.1200    3.6005    1.1867  3.7328E+00     -0.2520  7.6123E-01
  120.7452    5.0000    4.9918    4.9193    3.5997    2.1276    3.5994    1.1867  3.7326E+00     -0.2520  7.3489E-01
  120.7564    5.0000    4.9918    4.9191    3.6107    2.1353    3.5983    1.1867  3.7323E+00     -0.2520  7.0948E-01
  120.7673    5.0000    4.9918    4.9188    3.6216    2.1429    3.5972    1.1867  3.7321E+00     -0.2520  6.8494E-01
  120.7781    5.0000    4.9918    4.9186    3.6326    2.1505    3.5962    1.1867  3.7318E+00     -0.2520  6.6124E-01
  120.7886    5.0000    4.9918    4.9183    3.6436    2.1582    3.5951    1.1867  3.7316E+00     -0.2520  6.3837E-01
  120.7989    5.0000    4.9918    4.9180    3.6545    2.1658    3.5940    1.1867  3.7313E+00     -0.2520  6.1627E-01
  120.8090    5.0000    4.9918    4.9178    3.6655    2.1735    3.5929    1.1867  3.7310E+00     -0.2520  5.9494E-01
  120.8189    5.0000    4.9918    4.9175    3.6765    2.1811    3.5918    1.1867  3.7307E+00     -0.2520  5.7434E-01
  120.8286    5.0000    4.9918    4.9172    3.6874    2.1888    3.5907    1.1867  3.7305E+00     -0.2520  5.5444E-01
  120.8382    5.0000    4.9918    4.9169    3.6984    2.1964    3.5897    1.1867  3.7302E+00     -0.2520  5.3523E-01
  120.8475    5.0000    4.9918    4.9166    3.7094    2.2041    3.5886    1.1867  3.7299E+00     -0.2520  5.1667E-01
  120.8566    5.0000    4.9918    4.9163    3.7203    2.2117    3.5875    1.1867  3.7296E+00     -0.2520  4.9874E-01
  120.8656    5.0000    4.9918    4.9160    3.7313    2.2194    3.5864    1.1867  3.7293E+00     -0.2520  4.8142E-01
  120.8744    5.0000    4.9918    4.9157    3.7423    2.2271    3.5853    1.1867  3.7289E+00     -0.2520  4.6468E-01
  120.8830    5.0000    4.9918    4.9154    3.7533    2.2348    3.5842    1.1867  3.7286E+00     -0.2520  4.4852E-01
  120.8914    5.0000    4.9918    4.9150    3.7642    2.2424    3.5831    1.1867  3.7283E+00     -0.2520  4.3290E-01
  120.8997    5.0000    4.9918    4.9147    3.7752    2.2501    3.5820    1.1867  3.7279E+00     -0.2520  4.1781E-01
  120.9077    5.0000    4.9918    4.9143    3.7862    2.2578    3.5809    1.1867  3.7276E+00     -0.2520  4.0322E-01
  120.9157    5.0000    4.9918    4.9140    3.7971    2.2655    3.5798    1.1867  3.7272E+00     -0.2520  3.8913E-01
  120.9235    5.0000    4.9918    4.9136    3.8081    2.2732    3.5787    1.1867  3.7269E+00     -0.2520  3.7551E-01
  120.9311    5.0000    4.9918    4.9132    3.8191    2.2809    3.5776    1.1867  3.7265E+00     -0.2520  3.6235E-01
  120.9385    5.0000    4.9918    4.9128    3.8300    2.2886    3.5765    1.1867  3.7261E+00     -0.2520  3.4963E-01
  120.9459    5.0000    4.9918    4.9125    3.8410    2.2963    3.5754    1.1867  3.7257E+00     -0.2520  3.3733E-01
  120.9530    5.0000    4.9918    4.9121    3.8520    2.3040    3.5742    1.1867  3.7253E+00     -0.2520  3.2545E-01
  120.9601    5.0000    4.9918    4.9116    3.8629    2.3117    3.5731    1.1867  3.7249E+00     -0.2520  3.1396E-01
  120.9670    5.0000    4.9918    4.9112    3.8739    2.3195    3.5720    1.1867  3.7245E+00     -0.2520  3.0285E-01
  120.9737    5.0000    4.9918    4.9108    3.8849    2.3272    3.5709    1.1867  3.7241E+00     -0.2520  2.9212E-01
  120.9803    5.0000    4.9918    4.9104    3.8958    2.3349    3.5698    1.1867  3.7236E+00     -0.2520  2.8173E-01
  120.9868    5.0000    4.9918    4.9099    3.9068    2.3426    3.5687    1.1867  3.7232E+00     -0.2520  2.7169E-01
  120.9932    5.0000    4.9918    4.9094    3.9178    2.3503    3.5675    1.1867  3.7227E+00     -0.2520  2.6199E-01
  120.9994    5.0000    4.9918    4.9090    3.9287    2.3581    3.5664    1.1867  3.7222E+00     -0.2520  2.5260E-01
  121.0055    5.0000    4.9918    4.9085    3.9397    2.3658    3.5653    1.1867  3.7218E+00     -0.2520  2.4352E-01
  121.0115    5.0000    4.9918    4.9080    3.9507    2.3736    3.5642    1.1867  3.7213E+00     -0.2520  2.3474E-01
  121.0173    5.0000    4.9918    4.9075    3.9616    2.3813    3.5630    1.1867  3.7208E+00     -0.2520  2.2624E-01
  121.0231    5.0000    4.9918    4.9070    3.9726    2.3890    3.5619    1.1867  3.7202E+00     -0.2520  2.1801E-01
  121.0287    5.0000    4.9918    4.9065    3.9836    2.3968    3.5608    1.1867  3.7197E+00     -0.2520  2.1004E-01
  121.0342    5.0000    4.9918    4.9059    3.9945    2.4046    3.5596    1.1867  3.7192E+00     -0.2520  2.0232E-01
  121.0396    5.0000    4.9918    4.9054    4.0055    2.4123    3.5585    1.1867  3.7186E+00     -0.2520  1.9482E-01
  121.0449    5.0000    4.9918    4.9048    4.0165    2.4201    3.5574    1.1867  3.7181E+00     -0.2520  1.8752E-01
  121.0501    5.0000    4.9918    4.9042    4.0274    2.4278    3.5562    1.1867  3.7175E+00     -0.2520  1.8039E-01
  121.0552    5.0000    4.9918    4.9036    4.0384    2.4356    3.5551    1.1867  3.7169E+00     -0.2520  1.7335E-01
  121.0602    5.0000    4.9918    4.9030    4.0494    2.4434    3.5539    1.1867  3.7163E+00     -0.2520  1.6632E-01
  121.0651    5.0000    4.9918    4.9024    4.0603    2.4511    3.5528    1.1867  3.7157E+00     -0.2520  1.5911E-01
  121.0698    5.0000    4.9918    4.9018    4.0713    2.4589    3.5516    1.1867  3.7150E+00     -0.2520  1.5143E-01
  121.0745    5.0000    4.9918    4.9011    4.0823    2.4667    3.5505    1.1867  3.7144E+00     -0.2520  1.4322E-01
  121.0791    5.0000    4.9918    4.9005    4.0932    2.4745    3.5493    1.1867  3.7137E+00     -0.2520  1.3766E-01
  121.0836    5.0000    4.9918    4.8998    4.1042    2.4823    3.5482    1.1867  3.7130E+00     -0.2520  1.3229E-01
  121.0881    5.0000    4.9918    4.8991    4.1152    2.4901    3.5470    1.1867  3.7123E+00     -0.2520  1.2710E-01
  121.0924    5.0000    4.9918    4.8984    4.1261    2.4978    3.5459    1.1867  3.7116E+00     -0.2520  1.2209E-01
  121.0966    5.0000    4.9918    4.8976    4.1371    2.5056    3.5447    1.1867  3.7109E+00     -0.2520  1.1724E-01
  121.1008    5.0000    4.9918    4.8969    4.1481    2.5134    3.5436    1.1867  3.7102E+00     -0.2520  1.1256E-01
  121.1049    5.0000    4.9918    4.8961    4.1590    2.5212    3.5424    1.1867  3.7094E+00     -0.2520  1.0804E-01
  121.1089    5.0000    4.9918    4.8954    4.1700    2.5290    3.5412    1.1867  3.7086E+00     -0.2520  1.0368E-01
  121.1128    5.0000    4.9918    4.8945    4.1810    2.5369    3.5401    1.1867  3.7078E+00     -0.2520  9.9460E-02
  121.1166    5.0000    4.9918    4.8937    4.1919    2.5447    3.5389    1.1867  3.7070E+00     -0.2520  9.5389E-02
  121.1204    5.0000    4.9918    4.8929    4.2029    2.5525    3.5378    1.1867  3.7061E+00     -0.2520  9.1459E-02
  121.1240    5.0000    4.9918    4.8920    4.2139    2.5603    3.5366    1.1867  3.7053E+00     -0.2520  8.7665E-02
  121.1276    5.0000    4.9918    4.8911    4.2248    2.5681    3.5354    1.1867  3.7044E+00     -0.2520  8.4004E-02
  121.1312    5.0000    4.9918    4.8902    4.2358    2.5759    3.5343    1.1867  3.7035E+00     -0.2520  8.0471E-02
  121.1347    5.0000    4.9918    4.8893    4.2468    2.5838    3.5331    1.1867  3.7025E+00     -0.2520  7.7064E-02
  121.1380    5.0000    4.9918    4.8883    4.2578    2.5916    3.5319    1.1867  3.7016E+00     -0.2520  7.3777E-02
  121.1414    5.0000    4.9918    4.8873    4.2687    2.5994    3.5307    1.1867  3.7006E+00     -0.2520  7.0609E-02
  121.1422    6.0000    4.9918    4.8871    4.2715    2.6014    3.5304    0.9702  3.9169E+00     -0.2520  6.9851E-02
  121.1472    6.0000    4.9918    4.8855    4.2741    2.6033    3.5301    0.9703  3.9152E+00     -0.2520  6.9035E-02
  121.1522    6.0000    4.9918    4.8839    4.2768    2.6053    3.5298    0.9704  3.9135E+00     -0.2520  6.8222E-02
  121.1572    6.0000    4.9918    4.8823    4.2795    2.6073    3.5295    0.9705  3.9118E+00     -0.2520  6.7413E-02
  121.1622    6.0000    4.9918    4.8807    4.2822    2.6092    3.5292    0.9706  3.9101E+00     -0.2520  6.6608E-02
  121.1672    6.0000    4.9918    4.8791    4.2849    2.6112    3.5289    0.9708  3.9083E+00     -0.2520  6.5807E-02
  121.1722    6.0000    4.9918    4.8774    4.2876    2.6132    3.5286    0.9709  3.9065E+00     -0.2520  6.5010E-02
  121.1772    6.0000    4.9918    4.8757    4.2904    2.6152    3.5283    0.9710  3.9047E+00     -0.2520  6.4216E-02
  121.1822    6.0000    4.9918    4.8740    4.2931    2.6172    3.5279    0.9711  3.9029E+00     -0.2520  6.3426E-02
  121.1872    6.0000    4.9918    4.8723    4.2959    2.6192    3.5276    0.9713  3.9010E+00     -0.2520  6.2641E-02
  121.1922    6.0000    4.9918    4.8706    4.2987    2.6213    3.5273    0.9714  3.8992E+00     -0.2520  6.1859E-02
  121.1972    6.0000    4.9918    4.8688    4.3015    2.6233    3.5270    0.9715  3.8973E+00     -0.2520  6.1081E-02
  121.2022    6.0000    4.9918    4.8670    4.3043    2.6254    3.5267    0.9716  3.8954E+00     -0.2520  6.0306E-02
  121.2072    6.0000    4.9918    4.8652    4.3071    2.6275    3.5263    0.9718  3.8935E+00     -0.2520  5.9536E-02
  121.2122    6.0000    4.9918    4.8634    4.3100    2.6295    3.5260    0.9719  3.8915E+00     -0.2520  5.8770E-02
  121.2172    6.0000    4.9918    4.8616    4.3128    2.6316    3.5257    0.9720  3.8895E+00     -0.2520  5.8008E-02
  121.2222    6.0000    4.9918    4.8597    4.3157    2.6337    3.5253    0.9722  3.8875E+00     -0.2520  5.7250E-02
  121.2272    6.0000    4.9918    4.8578    4.3186    2.6358    3.5250    0.9723  3.8855E+00     -0.2520  5.6496E-02
  121.2322    6.0000    4.9918    4.8559    4.3215    2.6380    3.5247    0.9724  3.8835E+00     -0.2520  5.5746E-02
  121.2372    6.0000    4.9918    4.8540    4.3244    2.6401    3.5243    0.9726  3.8814E+00     -0.2520  5.5000E-02
  121.2422    6.0000    4.9918    4.8520    4.3274    2.6423    3.5240    0.9727  3.8793E+00     -0.2520  5.4258E-02
  121.2472    6.0000    4.9918    4.8500    4.3303    2.6444    3.5236    0.9728  3.8772E+00     -0.2520  5.3521E-02
  121.2522    6.0000    4.9918    4.8480    4.3333    2.6466    3.5233    0.9730  3.8751E+00     -0.2520  5.2788E-02
  121.2572    6.0000    4.9918    4.8460    4.3363    2.6488    3.5229    0.9731  3.8729E+00     -0.2520  5.2059E-02
  121.2622    6.0000    4.9918    4.8439    4.3393    2.6510    3.5226    0.9732  3.8707E+00     -0.2520  5.1334E-02
  121.2672    6.0000    4.9918    4.8419    4.3423    2.6532    3.5222    0.9734  3.8685E+00     -0.2520  5.0613E-02
  121.2722    6.0000    4.9918    4.8397    4.3453    2.6554    3.5219    0.9735  3.8662E+00     -0.2520  4.9897E-02
  121.2772    6.0000    4.9918    4.8376    4.3484    2.6577    3.5215    0.9737  3.8639E+00     -0.2520  4.9185E-02
  121.2822    6.0000    4.9918    4.8354    4.3514    2.6599    3.5212    0.9738  3.8616E+00     -0.2520  4.8478E-02
  121.2872    6.0000    4.9918    4.8333    4.3545    2.6622    3.5208    0.9739  3.8593E+00     -0.2520  4.7775E-02
  121.2922    6.0000    4.9918    4.8310    4.3576    2.6645    3.5204    0.9741  3.8569E+00     -0.2520  4.7076E-02
  121.2972    6.0000    4.9918    4.8288    4.3607    2.6668    3.5201    0.9742  3.8545E+00     -0.2520  4.6382E-02
  121.3022    6.0000    4.9918    4.8265    4.3639    2.6691    3.5197    0.9744  3.8521E+00     -0.2520  4.5692E-02
  121.3072    6.0000    4.9918    4.8242    4.3670    2.6714    3.5193    0.9745  3.8497E+00     -0.2520  4.5007E-02
  121.3122    6.0000    4.9918    4.8218    4.3702    2.6737    3.5190    0.9747  3.8472E+00     -0.2520  4.4326E-02
  121.3172    6.0000    4.9918    4.8195    4.3734    2.6761    3.5186    0.9748  3.8446E+00     -0.2520  4.3650E-02
  121.3222    6.0000    4.9918    4.8171    4.3766    2.6785    3.5182    0.9750  3.8421E+00     -0.2520  4.2979E-02
  121.3272    6.0000    4.9918    4.8146    4.3799    2.6808    3.5178    0.9751  3.8395E+00     -0.2520  4.2312E-02
  121.3322    6.0000    4.9918    4.8122    4.3831    2.6832    3.5174    0.9753  3.8369E+00     -0.2520  4.1650E-02
  121.3372    6.0000    4.9918    4.8097    4.3864    2.6856    3.5170    0.9754  3.8342E+00     -0.2520  4.0992E-02
  121.3422    6.0000    4.9918    4.8071    4.3897    2.6881    3.5166    0.9756  3.8315E+00     -0.2520  4.0339E-02
  121.3472    6.0000    4.9918    4.8045    4.3930    2.6905    3.5163    0.9757  3.8288E+00     -0.2520  3.9691E-02
  121.3522    6.0000    4.9918    4.8019    4.3963    2.6930    3.5159    0.9759  3.8260E+00     -0.2520  3.9048E-02
  121.3572    6.0000    4.9918    4.7993    4.3997    2.6955    3.5155    0.9761  3.8232E+00     -0.2520  3.8410E-02
  121.3622    6.0000    4.9918    4.7966    4.4030    2.6979    3.5151    0.9762  3.8204E+00     -0.2520  3.7777E-02
  121.3672    6.0000    4.9918    4.7939    4.4064    2.7005    3.5147    0.9764  3.8175E+00     -0.2520  3.7148E-02
  121.3722    6.0000    4.9918    4.7911    4.4098    2.7030    3.5142    0.9765  3.8146E+00     -0.2520  3.6524E-02
  121.3772    6.0000    4.9918    4.7883    4.4133    2.7055    3.5138    0.9767  3.8116E+00     -0.2520  3.5906E-02
  121.3822    6.0000    4.9918    4.7855    4.4167    2.7081    3.5134    0.9769  3.8086E+00     -0.2520  3.5292E-02
  121.3872    6.0000    4.9918    4.7826    4.4202    2.7107    3.5130    0.9770  3.8055E+00     -0.2520  3.4683E-02
  121.3922    6.0000    4.9918    4.7796    4.4237    2.7132    3.5126    0.9772  3.8024E+00     -0.2520  3.4080E-02
  121.3972    6.0000    4.9918    4.7767    4.4273    2.7159    3.5122    0.9774  3.7993E+00     -0.2520  3.3481E-02
  121.4022    6.0000    4.9918    4.7736    4.4308    2.7185    3.5117    0.9776  3.7961E+00     -0.2520  3.2888E-02
  121.4072    6.0000    4.9918    4.7706    4.4344    2.7211    3.5113    0.9777  3.7929E+00     -0.2520  3.2300E-02
  121.4122    6.0000    4.9918    4.7675    4.4380    2.7238    3.5109    0.9779  3.7896E+00     -0.2520  3.1717E-02
  121.4172    6.0000    4.9918    4.7643    4.4416    2.7265    3.5104    0.9781  3.7862E+00     -0.2520  3.1139E-02
  121.4222    6.0000    4.9918    4.7611    4.4452    2.7292    3.5100    0.9782  3.7829E+00     -0.2520  3.0566E-02
  121.4272    6.0000    4.9918    4.7579    4.4489    2.7319    3.5095    0.9784  3.7794E+00     -0.2520  2.9999E-02
  121.4322    6.0000    4.9918    4.7546    4.4526    2.7347    3.5091    0.9786  3.7760E+00     -0.2520  2.9437E-02
  121.4372    6.0000    4.9918    4.7512    4.4563    2.7374    3.5086    0.9788  3.7724E+00     -0.2520  2.8880E-02
  121.4422    6.0000    4.9918    4.7478    4.4601    2.7402    3.5082    0.9790  3.7688E+00     -0.2520  2.8329E-02
  121.4472    6.0000    4.9918    4.7443    4.4638    2.7430    3.5077    0.9792  3.7652E+00     -0.2520  2.7783E-02
  121.4522    6.0000    4.9918    4.7408    4.4676    2.7458    3.5073    0.9793  3.7615E+00     -0.2520  2.7243E-02
  121.4572    6.0000    4.9918    4.7372    4.4715    2.7487    3.5068    0.9795  3.7577E+00     -0.2520  2.6708E-02
  121.4622    6.0000    4.9918    4.7336    4.4753    2.7516    3.5063    0.9797  3.7539E+00     -0.2520  2.6178E-02
  121.4672    6.0000    4.9918    4.7299    4.4792    2.7544    3.5058    0.9799  3.7500E+00     -0.2520  2.5654E-02
  121.4722    6.0000    4.9918    4.7262    4.4831    2.7574    3.5054    0.9801  3.7461E+00     -0.2520  2.5136E-02
  121.4772    6.0000    4.9918    4.7223    4.4870    2.7603    3.5049    0.9803  3.7420E+00     -0.2520  2.4623E-02
  121.4822    6.0000    4.9918    4.7185    4.4910    2.7632    3.5044    0.9805  3.7380E+00     -0.2520  2.4116E-02
  121.4872    6.0000    4.9918    4.7145    4.4950    2.7662    3.5039    0.9807  3.7338E+00     -0.2520  2.3614E-02
  121.4922    6.0000    4.9918    4.7105    4.4990    2.7692    3.5034    0.9809  3.7296E+00     -0.2520  2.3118E-02
  121.4972    6.0000    4.9918    4.7064    4.5031    2.7723    3.5029    0.9811  3.7253E+00     -0.2520  2.2628E-02
  121.5022    6.0000    4.9918    4.7023    4.5072    2.7753    3.5024    0.9813  3.7210E+00     -0.2520  2.2143E-02
  121.5072    6.0000    4.9918    4.6980    4.5113    2.7784    3.5019    0.9815  3.7165E+00     -0.2520  2.1664E-02
  121.5122    6.0000    4.9918    4.6937    4.5154    2.7815    3.5014    0.9817  3.7120E+00     -0.2520  2.1191E-02
  121.5172    6.0000    4.9918    4.6894    4.5196    2.7846    3.5009    0.9819  3.7075E+00     -0.2520  2.0724E-02
  121.5222    6.0000    4.9918    4.6849    4.5238    2.7878    3.5003    0.9821  3.7028E+00     -0.2520  2.0262E-02
  121.5272    6.0000    4.9918    4.6804    4.5281    2.7910    3.4998    0.9823  3.6981E+00     -0.2520  1.9806E-02
  121.5322    6.0000    4.9918    4.6758    4.5323    2.7942    3.4993    0.9825  3.6932E+00     -0.2520  1.9356E-02
  121.5372    6.0000    4.9918    4.6711    4.5366    2.7974    3.4987    0.9828  3.6883E+00     -0.2520  1.8912E-02
  121.5422    6.0000    4.9918    4.6663    4.5410    2.8007    3.4982    0.9830  3.6833E+00     -0.2520  1.8474E-02
  121.5472    6.0000    4.9918    4.6614    4.5454    2.8040    3.4976    0.9832  3.6782E+00     -0.2520  1.8041E-02
  121.5522    6.0000    4.9918    4.6565    4.5498    2.8073    3.4971    0.9834  3.6730E+00     -0.2520  1.7615E-02
  121.5572    6.0000    4.9918    4.6514    4.5542    2.8106    3.4965    0.9837  3.6677E+00     -0.2520  1.7194E-02
  121.5622    6.0000    4.9918    4.6463    4.5587    2.8140    3.4959    0.9839  3.6624E+00     -0.2520  1.6780E-02
  121.5672    6.0000    4.9918    4.6410    4.5632    2.8174    3.4954    0.9841  3.6569E+00     -0.2520  1.6371E-02
  121.5722    6.0000    4.9918    4.6357    4.5678    2.8209    3.4948    0.9844  3.6513E+00     -0.2520  1.5968E-02
  121.5772    6.0000    4.9918    4.6302    4.5724    2.8243    3.4942    0.9846  3.6456E+00     -0.2520  1.5571E-02
  121.5822    6.0000    4.9918    4.6246    4.5771    2.8278    3.4936    0.9848  3.6398E+00     -0.2520  1.5180E-02
  121.5872    6.0000    4.9918    4.6175    4.5817    2.8314    3.4930    0.9851  3.6324E+00     -0.2520  1.4778E-02
  121.5922    6.0000    4.9918    4.6073    4.5865    2.8351    3.4923    0.9853  3.6220E+00     -0.2520  1.4351E-02
  121.5972    6.0000    4.9918    4.5924    4.5912    2.8390    3.4916    0.9856  3.6068E+00     -0.2520  1.3881E-02
  121.6022    6.0000    4.9918    4.5690    4.5960    2.8432    3.4907    0.9858  3.5832E+00     -0.2520  1.3338E-02
  121.6072    6.0000    4.9918    4.5288    4.6009    2.8480    3.4895    0.9861  3.5428E+00     -0.2520  1.2646E-02
  121.6099    6.0000    4.9918    4.4835    4.6036    2.8514    3.4885    0.9862  3.4974E+00     -0.2520  1.2060E-02
  121.6114    6.0000    4.9918    4.4387    4.6050    2.8538    3.4876    0.9863  3.4524E+00     -0.2520  1.1570E-02
  121.6122    6.0000    4.9918    4.3943    4.6058    2.8559    3.4868    0.9863  3.4080E+00     -0.2520  1.1131E-02
  121.6130    6.0000    4.9918    4.3504    4.6065    2.8579    3.4860    0.9864  3.3640E+00     -0.2520  1.0710E-02
  121.6138    6.0000    4.9918    4.3069    4.6073    2.8599    3.4851    0.9864  3.3205E+00     -0.2520  1.0306E-02
  121.6145    6.0000    4.9918    4.2638    4.6081    2.8619    3.4843    0.9864  3.2774E+00     -0.2520  9.9178E-03
  121.6153    6.0000    4.9918    4.2212    4.6089    2.8639    3.4835    0.9865  3.2347E+00     -0.2520  9.5454E-03
  121.6161    6.0000    4.9918    4.1790    4.6096    2.8660    3.4827    0.9865  3.1924E+00     -0.2520  9.1881E-03
  121.6168    6.0000    4.9918    4.1372    4.6104    2.8679    3.4819    0.9866  3.1417E+00     -0.2520  8.8630E-03
  121.6176    6.0000    4.9918    4.0958    4.6111    2.8697    3.4812    0.9866  3.0839E+00     -0.2520  8.5650E-03
  121.6183    6.0000    4.9918    4.0548    4.6118    2.8715    3.4805    0.9866  3.0270E+00     -0.2520  8.2772E-03
  121.6190    6.0000    4.9918    4.0143    4.6126    2.8733    3.4798    0.9867  2.9709E+00     -0.2520  7.9993E-03
  121.6198    6.0000    4.9918    3.9741    4.6133    2.8751    3.4790    0.9867  2.9155E+00     -0.2520  7.7310E-03
  121.6205    6.0000    4.9918    3.9344    4.6140    2.8769    3.4783    0.9867  2.8608E+00     -0.2520  7.4718E-03
  121.6212    6.0000    4.9918    3.8951    4.6147    2.8787    3.4776    0.9868  2.8069E+00     -0.2520  7.2216E-03
  121.6219    6.0000    4.9918    3.8561    4.6154    2.8804    3.4769    0.9868  2.7538E+00     -0.2520  6.9800E-03
  121.6226    6.0000    4.9918    3.8176    4.6161    2.8822    3.4762    0.9869  2.7014E+00     -0.2520  6.7467E-03
  121.6232    6.0000    4.9918    3.7794    4.6168    2.8840    3.4755    0.9869  2.6497E+00     -0.2520  6.5213E-03
  121.6239    6.0000    4.9918    3.7416    4.6174    2.8857    3.4748    0.9869  2.5987E+00     -0.2520  6.3037E-03
  121.6246    6.0000    4.9918    3.7042    4.6181    2.8875    3.4741    0.9870  2.5484E+00     -0.2520  6.0936E-03
  121.6252    6.0000    4.9918    3.6671    4.6188    2.8892    3.4733    0.9870  2.4988E+00     -0.2520  5.8906E-03
  121.6259    6.0000    4.9918    3.6305    4.6194    2.8910    3.4726    0.9870  2.4499E+00     -0.2520  5.6946E-03
  121.6265    6.0000    4.9918    3.5941    4.6201    2.8927    3.4719    0.9871  2.4016E+00     -0.2520  5.5053E-03
  121.6272    6.0000    4.9918    3.5582    4.6207    2.8944    3.4712    0.9871  2.3541E+00     -0.2520  5.3224E-03
  121.6278    6.0000    4.9918    3.5226    4.6213    2.8961    3.4705    0.9871  2.3072E+00     -0.2520  5.1458E-03
  121.6284    6.0000    4.9918    3.4874    4.6220    2.8978    3.4698    0.9872  2.2609E+00     -0.2520  4.9752E-03
  121.6290    6.0000    4.9918    3.4525    4.6226    2.8995    3.4691    0.9872  2.2153E+00     -0.2520  4.8104E-03
  121.6296    6.0000    4.9918    3.4180    4.6232    2.9012    3.4684    0.9872  2.1703E+00     -0.2520  4.6512E-03
  121.6302    6.0000    4.9918    3.3838    4.6238    2.9029    3.4678    0.9873  2.1260E+00     -0.2520  4.4974E-03
  121.6308    6.0000    4.9918    3.3500    4.6244    2.9046    3.4671    0.9873  2.0823E+00     -0.2520  4.3488E-03
  121.6314    6.0000    4.9918    3.3165    4.6250    2.9063    3.4664    0.9873  2.0392E+00     -0.2520  4.2052E-03
  121.6320    6.0000    4.9918    3.2833    4.6256    2.9080    3.4657    0.9874  1.9967E+00     -0.2520  4.0665E-03
  121.6326    6.0000    4.9918    3.2505    4.6262    2.9096    3.4650    0.9874  1.9548E+00     -0.2520  3.9325E-03
  121.6331    6.0000    4.9918    3.2180    4.6267    2.9113    3.4643    0.9874  1.9136E+00     -0.2520  3.8029E-03
  121.6337    6.0000    4.9918    3.1858    4.6273    2.9129    3.4636    0.9874  1.8729E+00     -0.2520  3.6778E-03
  121.6342    6.0000    4.9918    3.1539    4.6279    2.9146    3.4630    0.9875  1.8328E+00     -0.2520  3.5568E-03
  121.6348    6.0000    4.9918    3.1224    4.6284    2.9162    3.4623    0.9875  1.7932E+00     -0.2520  3.4399E-03
  121.6353    6.0000    4.9918    3.0912    4.6290    2.9178    3.4616    0.9875  1.7543E+00     -0.2520  3.3269E-03
  121.6358    6.0000    4.9918    3.0603    4.6295    2.9194    3.4609    0.9876  1.7159E+00     -0.2520  3.2176E-03
  121.6364    6.0000    4.9918    3.0297    4.6301    2.9211    3.4603    0.9876  1.6780E+00     -0.2520  3.1120E-03
  121.6369    6.0000    4.9918    2.9994    4.6306    2.9227    3.4596    0.9876  1.6408E+00     -0.2520  3.0099E-03
  121.6374    6.0000    4.9918    2.9694    4.6312    2.9243    3.4589    0.9876  1.6040E+00     -0.2520  2.9112E-03
  121.6379    6.0000    4.9918    2.9397    4.6317    2.9259    3.4583    0.9877  1.5678E+00     -0.2520  2.8157E-03
  121.6384    6.0000    4.9918    2.9103    4.6322    2.9275    3.4576    0.9877  1.5322E+00     -0.2520  2.7234E-03
  121.6389    6.0000    4.9918    2.8812    4.6327    2.9290    3.4569    0.9877  1.4970E+00     -0.2520  2.6341E-03
  121.6394    6.0000    4.9918    2.8524    4.6332    2.9306    3.4563    0.9878  1.4624E+00     -0.2520  2.5477E-03
  121.6399    6.0000    4.9918    2.8238    4.6337    2.9322    3.4556    0.9878  1.4283E+00     -0.2520  2.4642E-03
  121.6404    6.0000    4.9918    2.7956    4.6342    2.9337    3.4550    0.9878  1.3948E+00     -0.2520  2.3834E-03
  121.6409    6.0000    4.9918    2.7676    4.6347    2.9353    3.4543    0.9878  1.3617E+00     -0.2520  2.3052E-03
  121.6413    6.0000    4.9918    2.7400    4.6352    2.9368    3.4537    0.9879  1.3291E+00     -0.2520  2.2295E-03
  121.6418    6.0000    4.9918    2.7126    4.6357    2.9384    3.4530    0.9879  1.2971E+00     -0.2520  2.1563E-03
  121.6423    6.0000    4.9918    2.6854    4.6362    2.9399    3.4524    0.9879  1.2655E+00     -0.2520  2.0854E-03
  121.6427    6.0000    4.9918    2.6586    4.6367    2.9414    3.4517    0.9879  1.2344E+00     -0.2520  2.0168E-03
  121.6432    6.0000    4.9918    2.6320    4.6371    2.9429    3.4511    0.9880  1.2038E+00     -0.2520  1.9504E-03
  121.6436    6.0000    4.9918    2.6057    4.6376    2.9444    3.4504    0.9880  1.1737E+00     -0.2520  1.8861E-03
  121.6441    6.0000    4.9918    2.5796    4.6381    2.9459    3.4498    0.9880  1.1441E+00     -0.2520  1.8238E-03
  121.6445    6.0000    4.9918    2.5538    4.6385    2.9474    3.4492    0.9880  1.1149E+00     -0.2520  1.7635E-03
  121.6449    6.0000    4.9918    2.5283    4.6390    2.9489    3.4485    0.9881  1.0862E+00     -0.2520  1.7051E-03
  121.6454    6.0000    4.9918    2.5030    4.6394    2.9504    3.4479    0.9881  1.0580E+00     -0.2520  1.6485E-03
  121.6458    6.0000    4.9918    2.4780    4.6398    2.9519    3.4473    0.9881  1.0302E+00     -0.2520  1.5937E-03
  121.6462    6.0000    4.9918    2.4532    4.6403    2.9533    3.4467    0.9881  1.0028E+00     -0.2520  1.5406E-03
  121.6466    6.0000    4.9918    2.4287    4.6407    2.9548    3.4461    0.9881  9.7595E-01     -0.2520  1.4891E-03
  121.6470    6.0000    4.9918    2.4044    4.6411    2.9562    3.4454    0.9882  9.4951E-01     -0.2520  1.4392E-03
  121.6474    6.0000    4.9918    2.3803    4.6416    2.9577    3.4448    0.9882  9.2351E-01     -0.2520  1.3908E-03
  121.6478    6.0000    4.9918    2.3565    4.6420    2.9591    3.4442    0.9882  8.9794E-01     -0.2520  1.3439E-03
  121.6482    6.0000    4.9918    2.3330    4.6424    2.9605    3.4436    0.9882  8.7280E-01     -0.2520  1.2984E-03
  121.6486    6.0000    4.9918    2.3096    4.6428    2.9619    3.4430    0.9883  8.4810E-01     -0.2520  1.2543E-03
  121.6490    6.0000    4.9918    2.2865    4.6432    2.9633    3.4424    0.9883  8.2382E-01     -0.2520  1.2116E-03
  121.6494    6.0000    4.9918    2.2637    4.6436    2.9647    3.4418    0.9883  7.9996E-01     -0.2520  1.1700E-03
  121.6498    6.0000    4.9918    2.2410    4.6440    2.9661    3.4412    0.9883  7.7651E-01     -0.2520  1.1298E-03
  121.6501    6.0000    4.9918    2.2186    4.6444    2.9675    3.4406    0.9883  7.5349E-01     -0.2520  1.0907E-03
  121.6505    6.0000    4.9918    2.1964    4.6448    2.9689    3.4400    0.9884  7.3087E-01     -0.2520  1.0527E-03
  121.6509    6.0000    4.9918    2.1745    4.6452    2.9702    3.4395    0.9884  7.0866E-01     -0.2520  1.0159E-03
  121.6512    6.0000    4.9918    2.1527    4.6456    2.9716    3.4389    0.9884  6.8685E-01     -0.2520  9.8011E-04
  121.6516    6.0000    4.9918    2.1312    4.6460    2.9729    3.4383    0.9884  6.6544E-01     -0.2520  9.4537E-04
  121.6519    6.0000    4.9918    2.1099    4.6463    2.9743    3.4377    0.9884  6.4443E-01     -0.2520  9.1163E-04
  121.6523    6.0000    4.9918    2.0888    4.6467    2.9756    3.4372    0.9885  6.2381E-01     -0.2520  8.7885E-04
  121.6526    6.0000    4.9918    2.0679    4.6471    2.9769    3.4366    0.9885  6.0359E-01     -0.2520  8.4700E-04
  121.6530    6.0000    4.9918    2.0472    4.6474    2.9782    3.4360    0.9885  5.8375E-01     -0.2520  8.1604E-04
  121.6533    6.0000    4.9918    2.0268    4.6478    2.9795    3.4355    0.9885  5.6429E-01     -0.2520  7.8595E-04
  121.6537    6.0000    4.9918    2.0065    4.6482    2.9808    3.4349    0.9885  5.4522E-01     -0.2520  7.5671E-04
  121.6540    6.0000    4.9918    1.9864    4.6485    2.9828    3.4340    0.9886  5.2653E-01     -0.2520  7.2559E-04
  121.6543    6.0000    4.9918    1.9666    4.6489    2.9859    3.4325    0.9886  5.0821E-01     -0.2520  6.9218E-04
  121.6546    6.0000    4.9918    1.9469    4.6492    2.9890    3.4311    0.9886  4.9026E-01     -0.2520  6.6017E-04
  121.6550    6.0000    4.9918    1.9274    4.6495    2.9919    3.4297    0.9886  4.7268E-01     -0.2520  6.2949E-04
  121.6553    6.0000    4.9918    1.9082    4.6499    2.9948    3.4283    0.9886  4.5547E-01     -0.2520  6.0008E-04
  121.6556    6.0000    4.9918    1.8891    4.6502    2.9977    3.4270    0.9887  4.3863E-01     -0.2520  5.7186E-04
  121.6559    6.0000    4.9918    1.8702    4.6505    3.0005    3.4257    0.9887  4.2214E-01     -0.2520  5.4479E-04
  121.6562    6.0000    4.9918    1.8515    4.6509    3.0032    3.4244    0.9887  4.0602E-01     -0.2520  5.1880E-04
  121.6565    6.0000    4.9918    1.8330    4.6512    3.0059    3.4231    0.9887  3.9025E-01     -0.2520  4.9384E-04
  121.6568    6.0000    4.9918    1.8146    4.6515    3.0085    3.4219    0.9887  3.7483E-01     -0.2520  4.6987E-04
  121.6571    6.0000    4.9918    1.7965    4.6518    3.0110    3.4207    0.9887  3.5977E-01     -0.2520  4.4683E-04
  121.6574    6.0000    4.9918    1.7785    4.6522    3.0123    3.4202    0.9888  3.4505E-01     -0.2520  4.2705E-04
  121.6577    6.0000    4.9918    1.7607    4.6525    3.0135    3.4197    0.9888  3.3068E-01     -0.2520  4.0806E-04
  121.6580    6.0000    4.9918    1.7431    4.6528    3.0146    3.4192    0.9888  3.1666E-01     -0.2520  3.8960E-04
  121.6583    6.0000    4.9918    1.7257    4.6531    3.0156    3.4187    0.9888  3.0297E-01     -0.2520  3.7167E-04
  121.6586    6.0000    4.9918    1.7084    4.6534    3.0166    3.4183    0.9888  2.8963E-01     -0.2520  3.5423E-04
  121.6588    6.0000    4.9918    1.6914    4.6537    3.0176    3.4179    0.9888  2.7662E-01     -0.2520  3.3728E-04
  121.6591    6.0000    4.9918    1.6744    4.6540    3.0186    3.4175    0.9889  2.6394E-01     -0.2520  3.2080E-04
  121.6594    6.0000    4.9918    1.6577    4.6543    3.0195    3.4171    0.9889  2.5160E-01     -0.2520  3.0478E-04
  121.6597    6.0000    4.9918    1.6411    4.6546    3.0204    3.4167    0.9889  2.3959E-01     -0.2520  2.8919E-04
  121.6599    6.0000    4.9918    1.6247    4.6549    3.0213    3.4163    0.9889  2.2790E-01     -0.2520  2.7404E-04
  121.6602    6.0000    4.9918    1.6085    4.6551    3.0221    3.4160    0.9889  2.1654E-01     -0.2520  2.5931E-04
  121.6604    6.0000    4.9918    1.5924    4.6554    3.0229    3.4157    0.9889  2.0550E-01     -0.2520  2.4499E-04
  121.6607    6.0000    4.9918    1.5765    4.6557    3.0236    3.4154    0.9889  1.9478E-01     -0.2520  2.3107E-04
  121.6610    6.0000    4.9918    1.5607    4.6560    3.0243    3.4151    0.9890  1.8438E-01     -0.2520  2.1755E-04
  121.6612    6.0000    4.9918    1.5451    4.6562    3.0250    3.4148    0.9890  1.7430E-01     -0.2520  2.0441E-04
  121.6615    6.0000    4.9918    1.5296    4.6565    3.0256    3.4146    0.9890  1.6453E-01     -0.2520  1.9166E-04
  121.6617    6.0000    4.9918    1.5143    4.6568    3.0262    3.4144    0.9890  1.5507E-01     -0.2520  1.7929E-04
  121.6620    6.0000    4.9918    1.4992    4.6571    3.0267    3.4142    0.9890  1.4593E-01     -0.2520  1.6729E-04
  121.6622    6.0000    4.9918    1.4842    4.6573    3.0272    3.4140    0.9890  1.3709E-01     -0.2520  1.5566E-04
  121.6624    6.0000    4.9918    1.4694    4.6576    3.0277    3.4138    0.9890  1.2855E-01     -0.2520  1.4441E-04
  121.6627    6.0000    4.9918    1.4547    4.6578    3.0281    3.4137    0.9891  1.2032E-01     -0.2520  1.3354E-04
  121.6629    6.0000    4.9918    1.4401    4.6581    3.0285    3.4136    0.9891  1.1239E-01     -0.2520  1.2304E-04
  121.6631    6.0000    4.9918    1.4257    4.6583    3.0288    3.4135    0.9891  1.0475E-01     -0.2520  1.1291E-04
  121.6634    6.0000    4.9918    1.4115    4.6586    3.0290    3.4134    0.9891  9.7417E-02     -0.2520  1.0317E-04
  121.6636    6.0000    4.9918    1.3973    4.6588    3.0293    3.4133    0.9891  9.0374E-02     -0.2520  9.3825E-05
  121.6638    6.0000    4.9918    1.3834    4.6591    3.0294    3.4133    0.9891  8.3621E-02     -0.2520  8.4871E-05
  121.6641    6.0000    4.9918    1.3695    4.6593    3.0295    3.4133    0.9891  7.7158E-02     -0.2520  7.6319E-05
  121.6643    6.0000    4.9918    1.3558    4.6596    3.0296    3.4134    0.9892  7.0981E-02     -0.2520  6.8180E-05
  121.6645    6.0000    4.9918    1.3423    4.6598    3.0296    3.4134    0.9892  6.5087E-02     -0.2520  6.0463E-05
  121.6647    6.0000    4.9918    1.3289    4.6600    3.0295    3.4135    0.9892  5.9475E-02     -0.2520  5.3179E-05
  121.6649    6.0000    4.9918    1.3156    4.6603    3.0294    3.4137    0.9892  5.4141E-02     -0.2520  4.6338E-05
  121.6651    6.0000    4.9918    1.3024    4.6605    3.0291    3.4138    0.9892  4.9082E-02     -0.2520  3.9953E-05
  121.6653    6.0000    4.9918    1.2894    4.6607    3.0289    3.4140    0.9892  4.4296E-02     -0.2520  3.4035E-05
  121.6656    6.0000    4.9918    1.2765    4.6609    3.0285    3.4143    0.9892  3.9780E-02     -0.2520  2.8596E-05
  121.6658    6.0000    4.9918    1.2637    4.6612    3.0280    3.4145    0.9892  3.5530E-02     -0.2520  2.3644E-05
  121.6660    6.0000    4.9918    1.2511    4.6614    3.0275    3.4149    0.9892  3.1542E-02     -0.2520  1.9189E-05
  121.6662    6.0000    4.9918    1.2386    4.6616    3.0268    3.4153    0.9893  2.7814E-02     -0.2520  1.5235E-05
  121.6664    6.0000    4.9918    1.2262    4.6618    3.0260    3.4157    0.9893  2.4342E-02     -0.2520  1.1785E-05
  121.6666    6.0000    4.9918    1.2139    4.6620    3.0251    3.4162    0.9893  2.1122E-02     -0.2520  8.8340E-06
  121.6667    6.0000    4.9918    1.2018    4.6622    3.0241    3.4168    0.9893  1.8149E-02     -0.2520  6.3724E-06
  121.6669    6.0000    4.9918    1.1898    4.6624    3.0229    3.4174    0.9893  1.5419E-02     -0.2520  4.3820E-06
  121.6671    6.0000    4.9918    1.1779    4.6626    3.0215    3.4182    0.9893  1.2929E-02     -0.2520  2.8350E-06
  121.6673    6.0000    4.9918    1.1661    4.6628    3.0199    3.4190    0.9893  1.0672E-02     -0.2520  1.6931E-06
  121.6675    6.0000    4.9918    1.1544    4.6630    3.0180    3.4200    0.9893  8.6444E-03     -0.2520  9.0633E-07
  121.6677    6.0000    4.9918    1.1429    4.6632    3.0158    3.4212    0.9893  6.8409E-03     -0.2520  4.1404E-07
  121.6679    6.0000    4.9918    1.1315    4.6634    3.0133    3.4225    0.9894  5.2563E-03     -0.2520  1.4695E-07
  121.6681    6.0000    4.9918    1.1202    4.6636    3.0102    3.4241    0.9894  3.8860E-03     -0.2520  3.2133E-08
  121.6682    6.0000    4.9918    1.1090    4.6638    3.0065    3.4260    0.9894  2.7259E-03     -0.2520  9.4671E-10
  121.6684    6.0000    4.9918    1.0979    4.6639    3.0019    3.4283    0.9894  1.7731E-03     -0.2520  2.0263E-14
  121.6686    6.0000    4.9918    1.0869    4.6640    2.9960    3.4313    0.9894  1.0269E-03     -0.2520  2.7575E-14
  121.6688    6.0000    4.9918    1.0760    4.6641    2.9881    3.4353    0.9894  4.8864E-04     -0.2520  4.0106E-14
  121.6689    6.0000    4.9918    1.0653    4.6642    2.9769    3.4409    0.9894  1.5842E-04     -0.2520  6.3718E-14
  121.6691    6.0000    4.9918    1.0546    4.6641    2.9598    3.4494    0.9894  1.9592E-05     -0.2520  1.0995E-13
  121.6693    6.0000    4.9918    1.0441    4.6637    2.9308    3.4638    0.9894  1.2092E-08     -0.2520  1.7899E-13
  121.6694    6.0000    4.9918    1.0336    4.6628    2.8745    3.4917    0.9895  1.0000E-10     -0.2520  2.8390E-13
  121.6696    6.0000    4.9918    1.0233    4.6600    2.7424    3.5571    0.9895  1.0000E-10     -0.2520  6.6055E-13
  121.6698    6.0000    4.9918    1.0130    4.6497    2.3416    3.7549    0.9895  1.0000E-10     -0.2520  5.4607E-12
  121.6748    6.0000    4.9918    1.0034    4.5885    0.8095    4.5056    0.9898  1.0000E-10     -0.2520  5.4173E-09
  121.6769    6.0000    4.9918    1.0011    4.5291    0.0861    4.8525    0.9899  1.0000E-10     -0.2520  3.7600E-08
  121.6787    6.0000    4.9918    1.0000    4.4735   -0.3382    5.0507    0.9900  1.0000E-10     -0.2520  7.0104E-08
  121.6805    6.0000    4.9918    0.9991    4.4032   -0.6947    5.2114    0.9901  1.0000E-10     -0.2520  1.0372E-07
  121.6824    6.0000    4.9918    0.9984    4.3179   -0.9823    5.3339    0.9902  1.0000E-10     -0.2520  1.3453E-07
  121.6844    6.0000    4.9918    0.9978    4.2196   -1.2063    5.4213    0.9903  1.0000E-10     -0.2520  1.5993E-07
  121.6866    6.0000    4.9918    0.9973    4.1095   -1.3799    5.4806    0.9905  1.0000E-10     -0.2520  1.7984E-07
  121.6889    6.0000    4.9918    0.9970    4.0006   -1.5041    5.5155    0.9906  1.0000E-10     -0.2520  2.6803E-07
  121.6918    6.0000    4.9918    0.9967    3.8730   -1.6121    5.5376    0.9908  1.0000E-10     -0.2520  3.8114E-07
  121.6950    6.0000    4.9918    0.9965    3.7414   -1.6959    5.5466    0.9910  1.0000E-10     -0.2520  4.9659E-07
  121.6985    6.0000    4.9918    0.9964    3.6034   -1.7638    5.5460    0.9912  1.0000E-10     -0.2520  6.1431E-07
  121.7023    6.0000    4.9918    0.9963    3.4545   -1.8213    5.5375    0.9915  1.0000E-10     -0.2520  7.3717E-07
  121.7066    6.0000    4.9918    0.9962    3.2885   -1.8719    5.5213    0.9917  1.0000E-10     -0.2520  8.7015E-07
  121.7116    6.0000    4.9918    0.9962    3.0881   -1.9198    5.4952    0.9921  1.0000E-10     -0.2520  1.0278E-06
  121.7166    6.0000    4.9918    0.9961    2.8798   -1.9589    5.4627    0.9924  1.0000E-10     -0.2520  1.1926E-06
  121.7216    6.0000    4.9918    0.9961    2.6643   -1.9914    5.4250    0.9927  1.0000E-10     -0.2520  1.3702E-06
  121.7266    6.0000    4.9918    0.9961    2.4464   -2.0182    5.3839    0.9931  1.0000E-10     -0.2520  1.5661E-06
  121.7316    6.0000    4.9918    0.9961    2.2341   -2.0399    5.3417    0.9934  1.0000E-10     -0.2520  1.7869E-06
  121.7366    6.0000    4.9918    0.9961    2.0380   -2.0570    5.3013    0.9938  1.0000E-10     -0.2520  2.0421E-06
  121.7416    6.0000    4.9918    0.9961    1.8690   -2.0700    5.2655    0.9941  1.0000E-10     -0.2520  2.3452E-06
  121.7466    6.0000    4.9918    0.9961    1.7356   -2.0793    5.2368    0.9945  1.0000E-10     -0.2520  2.7182E-06
  121.7516    6.0000    4.9918    0.9961    1.6418   -2.0855    5.2165    0.9949  1.0000E-10     -0.2520  3.1983E-06
  121.7566    6.0000    4.9918    0.9961    1.5860   -2.0891    5.2043    0.9952  1.0000E-10     -0.2520  3.8538E-06
  121.7616    6.0000    4.9918    0.9961    1.5609   -2.0908    5.1989    0.9956  1.0000E-10     -0.2520  4.8232E-06
  121.7666    6.0000    4.9918    0.9961    1.5550   -2.0913    5.1977    0.9960  1.0000E-10     -0.2520  6.4381E-06
  121.7683   11.0000    0.9961    0.9961    1.5550   -2.0914    5.1977    0.9961  1.0000E-10    121.7683  7.2828E-06
  121.8683   11.0000    0.9961    0.9961    1.1998   -2.0914    5.1089    0.9961  1.0000E-10    121.7683  7.2828E-06
  122.8683   11.0000    0.9961    0.9961    0.2815   -2.0914    4.8794    0.9961  1.0000E-10    121.7683  7.2828E-06
  132.8683   11.0000    0.9961    0.9961   -0.8631   -2.0914    4.5932    0.9961  1.0000E-10    121.7683  7.2828E-06
  232.8683   11.0000    0.9961    0.9961   -2.0394   -2.0914    4.2991    0.9961  1.0000E-10    121.7683  7.2828E-06
  732.8683   11.0000    0.9961    0.9961   -2.9127   -2.0914    4.0808    0.9961  1.0000E-10    121.7683  7.2828E-06
 1232.8683   11.0000    0.9961    0.9961   -3.2191   -2.0914    4.0042    0.9961  1.0000E-10    121.7683  7.2828E-06
 1732.8683   11.0000    0.9961    0.9961   -3.4095   -2.0914    3.9566    0.9961  1.0000E-10    121.7683  7.2828E-06
 2232.8684   11.0000    0.9961    0.9961   -3.5480   -2.0914    3.9220    0.9961  1.0000E-10    121.7683  7.2828E-06
 2732.8684   11.0000    0.9961    0.9961   -3.6569   -2.0914    3.8948    0.9961  1.0000E-10    121.7683  7.2828E-06
 3232.8684   11.0000    0.9961    0.9961   -3.7467   -2.0914    3.8723    0.9961  1.0000E-10    121.7683  7.2828E-06
 3732.8684   11.0000    0.9961    0.9961   -3.8230   -2.0914    3.8532    0.9961  1.0000E-10    121.7683  7.2828E-06
 4232.8682   11.0000    0.9961    0.9961   -3.8895   -2.0914    3.8366    0.9961  1.0000E-10    121.7683  7.2828E-06
 4732.8682   11.0000    0.9961    0.9961   -3.9483   -2.0914    3.8219    0.9961  1.0000E-10    121.7683  7.2828E-06
 5232.8682   11.0000    0.9961    0.9961   -4.0011   -2.0914    3.8087    0.9961  1.0000E-10    121.7683  7.2828E-06
 5732.8682   11.0000    0.9961    0.9961   -4.0489   -2.0914    3.7968    0.9961  1.0000E-10    121.7683  7.2828E-06
 6232.8682   11.0000    0.9961    0.9961   -4.0926   -2.0914    3.7858    0.9961  1.0000E-10    121.7683  7.2828E-06
 6732.8682   11.0000    0.9961    0.9961   -4.1329   -2.0914    3.7757    0.9961  1.0000E-10    121.7683  7.2828E-06
 7232.8682   11.0000    0.9961    0.9961   -4.1703   -2.0914    3.7664    0.9961  1.0000E-10    121.7683  7.2828E-06
 7732.8682   11.0000    0.9961    0.9961   -4.2051   -2.0914    3.7577    0.9961  1.0000E-10    121.7683  7.2828E-06
 8232.8682   11.0000    0.9961    0.9961   -4.2377   -2.0914    3.7495    0.9961  1.0000E-10    121.7683  7.2828E-06
 8732.8682   11.0000    0.9961    0.9961   -4.2684   -2.0914    3.7419    0.9961  1.0000E-10    121.7683  7.2828E-06
 9232.8682   11.0000    0.9961    0.9961   -4.3256   -2.0914    3.7276    0.9961  1.0000E-10    121.7683  7.2828E-06
 9732.8682   11.0000    0.9961    0.9961   -4.4759   -2.0914    3.6900    0.9961  1.0000E-10    121.7683  7.2828E-06
10232.8682   11.0000    0.9961    0.9961   -4.6186   -2.0914    3.6543    0.9961  1.0000E-10    121.7683  7.2828E-06
10732.8682   11.0000    0.9961    0.9961   -4.7545   -2.0914    3.6204    0.9961  1.0000E-10    121.7683  7.2828E-06
11232.8682   11.0000    0.9961    0.9961   -4.8840   -2.0914    3.5880    0.9961  1.0000E-10    121.7683  7.2828E-06
11732.8682   11.0000    0.9961    0.9961   -5.0079   -2.0914    3.5570    0.9961  1.0000E-10    121.7683  7.2828E-06
12232.8682   11.0000    0.9961    0.9961   -5.1266   -2.0914    3.5273    0.9961  1.0000E-10    121.7683  7.2828E-06
12732.8682   11.0000    0.9961    0.9961   -5.2404   -2.0914    3.4989    0.9961  1.0000E-10    121.7683  7.2828E-06
13232.8682   11.0000    0.9961    0.9961   -5.3498   -2.0914    3.4715    0.9961  1.0000E-10    121.7683  7.2828E-06
13732.8682   11.0000    0.9961    0.9961   -5.4552   -2.0914    3.4452    0.9961  1.0000E-10    121.7683  7.2828E-06
13800.0000   11.0000    0.9961    0.9961   -5.4690   -2.0914    3.4417    0.9961  1.0000E-10    121.7683  7.2828E-06
