           6
   377.536926    
   379.787720    
   382.211243    
   473.381073    
   476.414154    
   477.568634    
 Tev(Myr)    type      Mo        Mt      log10(L)  log10(R) log10(Teff)  Mc        Menv              epoch      spin                                  
    0.0000    1.0000    3.0000    3.0000    1.9030    0.2965    4.0908    0.0000  1.0000E-10      0.0000  4.7897E+03
   18.8768    1.0000    3.0000    3.0000    1.9123    0.3072    4.0877    0.0000  1.0000E-10      0.0000  4.6531E+03
   37.7537    1.0000    3.0000    3.0000    1.9222    0.3181    4.0848    0.0000  1.0000E-10      0.0000  4.5175E+03
   56.6305    1.0000    3.0000    3.0000    1.9326    0.3292    4.0818    0.0000  1.0000E-10      0.0000  4.3815E+03
   75.5074    1.0000    3.0000    3.0000    1.9435    0.3407    4.0788    0.0000  1.0000E-10      0.0000  4.2438E+03
   94.3842    1.0000    3.0000    3.0000    1.9549    0.3527    4.0757    0.0000  1.0000E-10      0.0000  4.1033E+03
  113.2611    1.0000    3.0000    3.0000    1.9669    0.3653    4.0724    0.0000  1.0000E-10      0.0000  3.9589E+03
  132.1379    1.0000    3.0000    3.0000    1.9794    0.3786    4.0688    0.0000  1.0000E-10      0.0000  3.8097E+03
  151.0148    1.0000    3.0000    3.0000    1.9925    0.3929    4.0650    0.0000  1.0000E-10      0.0000  3.6551E+03
  169.8916    1.0000    3.0000    3.0000    2.0061    0.4081    4.0607    0.0000  1.0000E-10      0.0000  3.4946E+03
  188.7685    1.0000    3.0000    3.0000    2.0202    0.4245    4.0561    0.0000  1.0000E-10      0.0000  3.3275E+03
  207.6453    1.0000    3.0000    3.0000    2.0349    0.4422    4.0509    0.0000  1.0000E-10      0.0000  3.1536E+03
  226.5222    1.0000    3.0000    3.0000    2.0500    0.4614    4.0451    0.0000  1.0000E-10      0.0000  2.9723E+03
  245.3990    1.0000    3.0000    3.0000    2.0658    0.4825    4.0385    0.0000  1.0000E-10      0.0000  2.7830E+03
  264.2758    1.0000    3.0000    3.0000    2.0820    0.5057    4.0309    0.0000  1.0000E-10      0.0000  2.5846E+03
  283.1527    1.0000    3.0000    3.0000    2.0988    0.5318    4.0221    0.0000  1.0000E-10      0.0000  2.3754E+03
  302.0295    1.0000    3.0000    3.0000    2.1161    0.5615    4.0115    0.0000  1.0000E-10      0.0000  2.1528E+03
  320.9064    1.0000    3.0000    3.0000    2.1340    0.5963    3.9986    0.0000  1.0000E-10      0.0000  1.9137E+03
  339.3604    1.0000    3.0000    3.0000    2.1519    0.6372    3.9826    0.0000  1.0000E-10      0.0000  1.6610E+03
  354.4708    1.0000    3.0000    3.0000    2.1670    0.6777    3.9662    0.0000  1.0000E-10      0.0000  1.4390E+03
  367.0739    1.0000    3.0000    3.0000    2.1798    0.7179    3.9493    0.0000  1.0000E-10      0.0000  1.2440E+03
  375.0551    1.0000    3.0000    3.0000    2.2027    0.7434    3.9422    0.0000  1.0000E-10      0.0000  1.1327E+03
  376.3828    1.0000    3.0000    3.0000    2.2493    0.7210    3.9651    0.0000  1.0000E-10      0.0000  1.2300E+03
  377.2184    1.0000    3.0000    3.0000    2.2943    0.6838    3.9949    0.0000  1.0000E-10      0.0000  1.4078E+03
  377.5369    2.0000    3.0000    3.0000    2.3147    0.6634    4.0103    0.4165  1.0000E-10      0.0000  1.7582E+03
  377.6494    2.0000    3.0000    3.0000    2.3010    0.6885    3.9943    0.4170  1.0000E-10     -0.0024  1.6070E+03
  377.7620    2.0000    3.0000    3.0000    2.2872    0.7137    3.9782    0.4175  1.0000E-10     -0.0049  1.4671E+03
  377.8745    2.0000    3.0000    3.0000    2.2734    0.7388    3.9622    0.4179  1.0000E-10     -0.0074  1.3378E+03
  377.9870    2.0000    3.0000    3.0000    2.2597    0.7640    3.9462    0.4184  1.0000E-10     -0.0100  1.2186E+03
  378.0996    2.0000    3.0000    3.0000    2.2459    0.7891    3.9302    0.4189  1.0000E-10     -0.0126  1.1088E+03
  378.2121    2.0000    3.0000    3.0000    2.2321    0.8143    3.9142    0.4193  1.0000E-10     -0.0154  1.0079E+03
  378.3246    2.0000    2.9999    2.9999    2.2183    0.8394    3.8982    0.4198  1.0000E-10     -0.0182  9.1534E+02
  378.4372    2.0000    2.9999    2.9999    2.2046    0.8646    3.8821    0.4203  1.0000E-10     -0.0211  8.3053E+02
  378.5497    2.0000    2.9999    2.9999    2.1908    0.8897    3.8661    0.4207  1.0000E-10     -0.0240  7.5294E+02
  378.6622    2.0000    2.9999    2.9999    2.1770    0.9149    3.8501    0.4212  1.0000E-10     -0.0271  6.8205E+02
  378.7748    2.0000    2.9999    2.9999    2.1633    0.9400    3.8341    0.4217  1.0000E-10     -0.0302  6.1737E+02
  378.8873    2.0000    2.9999    2.9999    2.1495    0.9651    3.8181    0.4221  1.0000E-10     -0.0334  5.5843E+02
  378.9999    2.0000    2.9999    2.9999    2.1357    0.9903    3.8021    0.4226  1.0000E-10     -0.0367  5.0478E+02
  379.1124    2.0000    2.9999    2.9999    2.1220    1.0154    3.7860    0.4231  1.0000E-10     -0.0401  4.5599E+02
  379.2249    2.0000    2.9999    2.9999    2.1082    1.0406    3.7700    0.4235  2.4517E-05     -0.0436  4.0858E+02
  379.3375    2.0000    2.9999    2.9999    2.0944    1.0657    3.7540    0.4240  2.1446E-03     -0.0471  3.3380E+02
  379.4500    2.0000    2.9998    2.9998    2.0806    1.0909    3.7380    0.4245  2.3435E-02     -0.0508  2.2622E+02
  379.5626    2.0000    2.9998    2.9998    2.0669    1.1160    3.7220    0.4249  1.2353E-01     -0.0546  1.3003E+02
  379.6751    2.0000    2.9998    2.9998    2.0531    1.1412    3.7060    0.4254  4.4719E-01     -0.0584  6.9748E+01
  379.7877    2.0000    2.9998    2.9998    2.0393    1.1663    3.6899    0.4259  1.2867E+00     -0.0624  3.7460E+01
  379.7877    3.0000    2.9998    2.9998    2.0393    1.1663    3.6899    0.4259  1.2870E+00     -0.0624  3.7455E+01
  379.8199    3.0000    2.9998    2.9998    2.0448    1.1698    3.6896    0.4262  1.3030E+00     -0.0624  3.6780E+01
  379.8517    3.0000    2.9998    2.9998    2.0502    1.1733    3.6892    0.4265  1.3192E+00     -0.0624  3.6118E+01
  379.8832    3.0000    2.9998    2.9998    2.0557    1.1768    3.6888    0.4269  1.3354E+00     -0.0624  3.5468E+01
  379.9145    3.0000    2.9998    2.9998    2.0612    1.1803    3.6884    0.4272  1.3518E+00     -0.0624  3.4831E+01
  379.9453    3.0000    2.9998    2.9998    2.0666    1.1837    3.6881    0.4275  1.3682E+00     -0.0624  3.4206E+01
  379.9759    3.0000    2.9998    2.9998    2.0721    1.1872    3.6877    0.4278  1.3847E+00     -0.0624  3.3593E+01
  380.0062    3.0000    2.9998    2.9998    2.0775    1.1907    3.6873    0.4281  1.4013E+00     -0.0624  3.2992E+01
  380.0362    3.0000    2.9998    2.9998    2.0830    1.1942    3.6869    0.4284  1.4180E+00     -0.0624  3.2401E+01
  380.0659    3.0000    2.9998    2.9998    2.0884    1.1977    3.6865    0.4287  1.4348E+00     -0.0624  3.1823E+01
  380.0952    3.0000    2.9998    2.9998    2.0939    1.2012    3.6861    0.4290  1.4517E+00     -0.0624  3.1255E+01
  380.1243    3.0000    2.9998    2.9998    2.0994    1.2047    3.6857    0.4293  1.4687E+00     -0.0624  3.0697E+01
  380.1531    3.0000    2.9998    2.9998    2.1048    1.2082    3.6854    0.4296  1.4857E+00     -0.0624  3.0151E+01
  380.1816    3.0000    2.9998    2.9998    2.1103    1.2117    3.6850    0.4299  1.5028E+00     -0.0624  2.9614E+01
  380.2099    3.0000    2.9998    2.9998    2.1157    1.2152    3.6846    0.4302  1.5200E+00     -0.0624  2.9088E+01
  380.2378    3.0000    2.9998    2.9998    2.1212    1.2187    3.6842    0.4305  1.5372E+00     -0.0624  2.8571E+01
  380.2655    3.0000    2.9998    2.9998    2.1266    1.2223    3.6838    0.4307  1.5546E+00     -0.0624  2.8065E+01
  380.2928    3.0000    2.9998    2.9998    2.1321    1.2258    3.6834    0.4310  1.5720E+00     -0.0624  2.7567E+01
  380.3199    3.0000    2.9998    2.9997    2.1375    1.2293    3.6830    0.4313  1.5894E+00     -0.0624  2.7079E+01
  380.3468    3.0000    2.9998    2.9997    2.1430    1.2328    3.6826    0.4316  1.6069E+00     -0.0624  2.6600E+01
  380.3734    3.0000    2.9998    2.9997    2.1485    1.2363    3.6822    0.4318  1.6245E+00     -0.0624  2.6131E+01
  380.3997    3.0000    2.9998    2.9997    2.1539    1.2398    3.6818    0.4321  1.6421E+00     -0.0624  2.5669E+01
  380.4257    3.0000    2.9998    2.9997    2.1594    1.2434    3.6814    0.4324  1.6598E+00     -0.0624  2.5217E+01
  380.4515    3.0000    2.9998    2.9997    2.1648    1.2469    3.6810    0.4326  1.6776E+00     -0.0624  2.4773E+01
  380.4770    3.0000    2.9998    2.9997    2.1703    1.2504    3.6806    0.4329  1.6953E+00     -0.0624  2.4337E+01
  380.5023    3.0000    2.9998    2.9997    2.1757    1.2539    3.6802    0.4332  1.7131E+00     -0.0624  2.3909E+01
  380.5273    3.0000    2.9998    2.9997    2.1812    1.2575    3.6798    0.4334  1.7310E+00     -0.0624  2.3489E+01
  380.5521    3.0000    2.9998    2.9997    2.1866    1.2610    3.6794    0.4337  1.7488E+00     -0.0624  2.3077E+01
  380.5766    3.0000    2.9998    2.9997    2.1921    1.2645    3.6790    0.4339  1.7667E+00     -0.0624  2.2672E+01
  380.6009    3.0000    2.9998    2.9997    2.1976    1.2681    3.6786    0.4342  1.7847E+00     -0.0624  2.2275E+01
  380.6249    3.0000    2.9998    2.9997    2.2030    1.2716    3.6782    0.4344  1.8026E+00     -0.0624  2.1885E+01
  380.6487    3.0000    2.9998    2.9997    2.2085    1.2751    3.6778    0.4346  1.8205E+00     -0.0624  2.1502E+01
  380.6722    3.0000    2.9998    2.9997    2.2139    1.2787    3.6774    0.4349  1.8385E+00     -0.0624  2.1127E+01
  380.6956    3.0000    2.9998    2.9997    2.2194    1.2822    3.6770    0.4351  1.8564E+00     -0.0624  2.0758E+01
  380.7186    3.0000    2.9998    2.9997    2.2248    1.2858    3.6766    0.4354  1.8744E+00     -0.0624  2.0396E+01
  380.7415    3.0000    2.9998    2.9997    2.2303    1.2893    3.6762    0.4356  1.8923E+00     -0.0624  2.0040E+01
  380.7641    3.0000    2.9998    2.9997    2.2358    1.2928    3.6758    0.4358  1.9102E+00     -0.0624  1.9692E+01
  380.7865    3.0000    2.9998    2.9997    2.2412    1.2964    3.6754    0.4360  1.9281E+00     -0.0624  1.9349E+01
  380.8087    3.0000    2.9998    2.9997    2.2467    1.2999    3.6750    0.4363  1.9460E+00     -0.0624  1.9013E+01
  380.8306    3.0000    2.9998    2.9996    2.2521    1.3035    3.6746    0.4365  1.9638E+00     -0.0624  1.8683E+01
  380.8524    3.0000    2.9998    2.9996    2.2576    1.3071    3.6741    0.4367  1.9816E+00     -0.0624  1.8358E+01
  380.8739    3.0000    2.9998    2.9996    2.2630    1.3106    3.6737    0.4369  1.9993E+00     -0.0624  1.8040E+01
  380.8952    3.0000    2.9998    2.9996    2.2685    1.3142    3.6733    0.4371  2.0169E+00     -0.0624  1.7728E+01
  380.9163    3.0000    2.9998    2.9996    2.2739    1.3177    3.6729    0.4374  2.0345E+00     -0.0624  1.7421E+01
  380.9372    3.0000    2.9998    2.9996    2.2794    1.3213    3.6725    0.4376  2.0520E+00     -0.0624  1.7119E+01
  380.9578    3.0000    2.9998    2.9996    2.2849    1.3249    3.6721    0.4378  2.0695E+00     -0.0624  1.6824E+01
  380.9783    3.0000    2.9998    2.9996    2.2903    1.3284    3.6716    0.4380  2.0868E+00     -0.0624  1.6533E+01
  380.9985    3.0000    2.9998    2.9996    2.2958    1.3320    3.6712    0.4382  2.1041E+00     -0.0624  1.6248E+01
  381.0186    3.0000    2.9998    2.9996    2.3012    1.3356    3.6708    0.4384  2.1212E+00     -0.0624  1.5967E+01
  381.0385    3.0000    2.9998    2.9996    2.3067    1.3391    3.6704    0.4386  2.1382E+00     -0.0624  1.5692E+01
  381.0581    3.0000    2.9998    2.9996    2.3121    1.3427    3.6700    0.4388  2.1550E+00     -0.0624  1.5422E+01
  381.0775    3.0000    2.9998    2.9996    2.3176    1.3463    3.6695    0.4390  2.1718E+00     -0.0624  1.5157E+01
  381.0968    3.0000    2.9998    2.9996    2.3230    1.3498    3.6691    0.4392  2.1883E+00     -0.0624  1.4896E+01
  381.1159    3.0000    2.9998    2.9996    2.3285    1.3534    3.6687    0.4394  2.2047E+00     -0.0624  1.4640E+01
  381.1348    3.0000    2.9998    2.9996    2.3340    1.3570    3.6683    0.4396  2.2210E+00     -0.0624  1.4389E+01
  381.1535    3.0000    2.9998    2.9996    2.3394    1.3606    3.6678    0.4398  2.2370E+00     -0.0624  1.4142E+01
  381.1720    3.0000    2.9998    2.9996    2.3449    1.3642    3.6674    0.4400  2.2529E+00     -0.0624  1.3900E+01
  381.1903    3.0000    2.9998    2.9995    2.3503    1.3678    3.6670    0.4402  2.2685E+00     -0.0624  1.3661E+01
  381.2084    3.0000    2.9998    2.9995    2.3558    1.3713    3.6665    0.4403  2.2839E+00     -0.0624  1.3427E+01
  381.2264    3.0000    2.9998    2.9995    2.3612    1.3749    3.6661    0.4405  2.2990E+00     -0.0624  1.3198E+01
  381.2441    3.0000    2.9998    2.9995    2.3667    1.3785    3.6657    0.4407  2.3140E+00     -0.0624  1.2972E+01
  381.2617    3.0000    2.9998    2.9995    2.3722    1.3821    3.6653    0.4409  2.3286E+00     -0.0624  1.2750E+01
  381.2792    3.0000    2.9998    2.9995    2.3776    1.3857    3.6648    0.4411  2.3429E+00     -0.0624  1.2533E+01
  381.2964    3.0000    2.9998    2.9995    2.3831    1.3893    3.6644    0.4412  2.3570E+00     -0.0624  1.2319E+01
  381.3135    3.0000    2.9998    2.9995    2.3885    1.3929    3.6640    0.4414  2.3707E+00     -0.0624  1.2108E+01
  381.3304    3.0000    2.9998    2.9995    2.3940    1.3965    3.6635    0.4416  2.3841E+00     -0.0624  1.1902E+01
  381.3471    3.0000    2.9998    2.9995    2.3994    1.4001    3.6631    0.4417  2.3972E+00     -0.0624  1.1699E+01
  381.3637    3.0000    2.9998    2.9995    2.4049    1.4037    3.6626    0.4419  2.4099E+00     -0.0624  1.1500E+01
  381.3801    3.0000    2.9998    2.9995    2.4103    1.4073    3.6622    0.4421  2.4222E+00     -0.0624  1.1304E+01
  381.3963    3.0000    2.9998    2.9995    2.4158    1.4109    3.6618    0.4422  2.4341E+00     -0.0624  1.1112E+01
  381.4124    3.0000    2.9998    2.9995    2.4213    1.4145    3.6613    0.4424  2.4456E+00     -0.0624  1.0923E+01
  381.4283    3.0000    2.9998    2.9995    2.4267    1.4181    3.6609    0.4426  2.4566E+00     -0.0624  1.0738E+01
  381.4441    3.0000    2.9998    2.9994    2.4322    1.4217    3.6604    0.4427  2.4672E+00     -0.0624  1.0555E+01
  381.4597    3.0000    2.9998    2.9994    2.4376    1.4253    3.6600    0.4429  2.4773E+00     -0.0624  1.0376E+01
  381.4751    3.0000    2.9998    2.9994    2.4431    1.4290    3.6596    0.4430  2.4869E+00     -0.0624  1.0200E+01
  381.4904    3.0000    2.9998    2.9994    2.4485    1.4326    3.6591    0.4432  2.4959E+00     -0.0624  1.0027E+01
  381.5056    3.0000    2.9998    2.9994    2.4540    1.4362    3.6587    0.4434  2.5045E+00     -0.0624  9.8575E+00
  381.5205    3.0000    2.9998    2.9994    2.4594    1.4398    3.6582    0.4435  2.5124E+00     -0.0624  9.6906E+00
  381.5354    3.0000    2.9998    2.9994    2.4649    1.4434    3.6578    0.4437  2.5197E+00     -0.0624  9.5266E+00
  381.5500    3.0000    2.9998    2.9994    2.4704    1.4471    3.6573    0.4438  2.5264E+00     -0.0624  9.3654E+00
  381.5646    3.0000    2.9998    2.9994    2.4758    1.4507    3.6569    0.4440  2.5325E+00     -0.0624  9.2071E+00
  381.5790    3.0000    2.9998    2.9994    2.4813    1.4543    3.6564    0.4441  2.5379E+00     -0.0624  9.0515E+00
  381.5932    3.0000    2.9998    2.9994    2.4867    1.4579    3.6560    0.4443  2.5425E+00     -0.0624  8.8986E+00
  381.6073    3.0000    2.9998    2.9994    2.4922    1.4616    3.6555    0.4444  2.5465E+00     -0.0624  8.7484E+00
  381.6213    3.0000    2.9998    2.9993    2.4976    1.4652    3.6551    0.4445  2.5496E+00     -0.0624  8.6007E+00
  381.6351    3.0000    2.9998    2.9993    2.5031    1.4688    3.6546    0.4447  2.5520E+00     -0.0624  8.4557E+00
  381.6488    3.0000    2.9998    2.9993    2.5086    1.4725    3.6542    0.4448  2.5536E+00     -0.0624  8.3131E+00
  381.6624    3.0000    2.9998    2.9993    2.5140    1.4761    3.6537    0.4450  2.5543E+00     -0.0624  8.1730E+00
  381.6758    3.0000    2.9998    2.9993    2.5195    1.4797    3.6533    0.4451  2.5542E+00     -0.0624  8.0353E+00
  381.6891    3.0000    2.9998    2.9993    2.5249    1.4834    3.6528    0.4452  2.5541E+00     -0.0624  7.9000E+00
  381.7022    3.0000    2.9998    2.9993    2.5304    1.4870    3.6524    0.4454  2.5539E+00     -0.0624  7.7670E+00
  381.7152    3.0000    2.9998    2.9993    2.5358    1.4907    3.6519    0.4455  2.5538E+00     -0.0624  7.6364E+00
  381.7281    3.0000    2.9998    2.9993    2.5413    1.4943    3.6514    0.4456  2.5537E+00     -0.0624  7.5079E+00
  381.7409    3.0000    2.9998    2.9993    2.5467    1.4979    3.6510    0.4458  2.5535E+00     -0.0624  7.3817E+00
  381.7535    3.0000    2.9998    2.9993    2.5522    1.5016    3.6505    0.4459  2.5534E+00     -0.0624  7.2577E+00
  381.7660    3.0000    2.9998    2.9993    2.5577    1.5052    3.6501    0.4460  2.5532E+00     -0.0624  7.1358E+00
  381.7784    3.0000    2.9998    2.9992    2.5631    1.5089    3.6496    0.4461  2.5531E+00     -0.0624  7.0160E+00
  381.7906    3.0000    2.9998    2.9992    2.5686    1.5125    3.6491    0.4463  2.5530E+00     -0.0624  6.8982E+00
  381.8028    3.0000    2.9998    2.9992    2.5740    1.5162    3.6487    0.4464  2.5528E+00     -0.0624  6.7825E+00
  381.8148    3.0000    2.9998    2.9992    2.5795    1.5199    3.6482    0.4465  2.5527E+00     -0.0624  6.6687E+00
  381.8267    3.0000    2.9998    2.9992    2.5849    1.5235    3.6477    0.4466  2.5526E+00     -0.0624  6.5569E+00
  381.8385    3.0000    2.9998    2.9992    2.5904    1.5272    3.6473    0.4467  2.5524E+00     -0.0624  6.4470E+00
  381.8501    3.0000    2.9998    2.9992    2.5958    1.5308    3.6468    0.4469  2.5523E+00     -0.0624  6.3390E+00
  381.8617    3.0000    2.9998    2.9992    2.6013    1.5345    3.6464    0.4470  2.5522E+00     -0.0624  6.2328E+00
  381.8731    3.0000    2.9998    2.9992    2.6068    1.5382    3.6459    0.4471  2.5521E+00     -0.0624  6.1284E+00
  381.8844    3.0000    2.9998    2.9992    2.6122    1.5418    3.6454    0.4472  2.5519E+00     -0.0624  6.0258E+00
  381.8956    3.0000    2.9998    2.9991    2.6177    1.5455    3.6449    0.4473  2.5518E+00     -0.0624  5.9250E+00
  381.9066    3.0000    2.9998    2.9991    2.6231    1.5492    3.6445    0.4474  2.5517E+00     -0.0624  5.8259E+00
  381.9176    3.0000    2.9998    2.9991    2.6286    1.5528    3.6440    0.4476  2.5516E+00     -0.0624  5.7285E+00
  381.9285    3.0000    2.9998    2.9991    2.6340    1.5565    3.6435    0.4477  2.5514E+00     -0.0624  5.6327E+00
  381.9392    3.0000    2.9998    2.9991    2.6395    1.5602    3.6431    0.4478  2.5513E+00     -0.0624  5.5386E+00
  381.9499    3.0000    2.9998    2.9991    2.6450    1.5638    3.6426    0.4479  2.5512E+00     -0.0624  5.4460E+00
  381.9604    3.0000    2.9998    2.9991    2.6504    1.5675    3.6421    0.4480  2.5511E+00     -0.0624  5.3550E+00
  381.9709    3.0000    2.9998    2.9991    2.6559    1.5712    3.6416    0.4481  2.5510E+00     -0.0624  5.2656E+00
  381.9812    3.0000    2.9998    2.9991    2.6613    1.5749    3.6412    0.4482  2.5509E+00     -0.0624  5.1777E+00
  381.9914    3.0000    2.9998    2.9990    2.6668    1.5785    3.6407    0.4483  2.5507E+00     -0.0624  5.0913E+00
  382.0016    3.0000    2.9998    2.9990    2.6722    1.5822    3.6402    0.4484  2.5506E+00     -0.0624  5.0063E+00
  382.0116    3.0000    2.9998    2.9990    2.6777    1.5859    3.6397    0.4485  2.5505E+00     -0.0624  4.9228E+00
  382.0215    3.0000    2.9998    2.9990    2.6831    1.5896    3.6393    0.4486  2.5504E+00     -0.0624  4.8407E+00
  382.0313    3.0000    2.9998    2.9990    2.6886    1.5933    3.6388    0.4487  2.5503E+00     -0.0624  4.7600E+00
  382.0410    3.0000    2.9998    2.9990    2.6941    1.5970    3.6383    0.4488  2.5502E+00     -0.0624  4.6806E+00
  382.0507    3.0000    2.9998    2.9990    2.6995    1.6007    3.6378    0.4489  2.5501E+00     -0.0624  4.6026E+00
  382.0602    3.0000    2.9998    2.9990    2.7050    1.6044    3.6373    0.4490  2.5500E+00     -0.0624  4.5259E+00
  382.0696    3.0000    2.9998    2.9989    2.7104    1.6080    3.6369    0.4491  2.5498E+00     -0.0624  4.4505E+00
  382.0790    3.0000    2.9998    2.9989    2.7159    1.6117    3.6364    0.4492  2.5497E+00     -0.0624  4.3764E+00
  382.0882    3.0000    2.9998    2.9989    2.7213    1.6154    3.6359    0.4493  2.5496E+00     -0.0624  4.3035E+00
  382.0974    3.0000    2.9998    2.9989    2.7268    1.6191    3.6354    0.4494  2.5495E+00     -0.0624  4.2319E+00
  382.1065    3.0000    2.9998    2.9989    2.7322    1.6228    3.6349    0.4495  2.5494E+00     -0.0624  4.1614E+00
  382.1154    3.0000    2.9998    2.9989    2.7377    1.6265    3.6344    0.4496  2.5493E+00     -0.0624  4.0922E+00
  382.1243    3.0000    2.9998    2.9989    2.7432    1.6302    3.6339    0.4497  2.5492E+00     -0.0624  4.0241E+00
  382.1331    3.0000    2.9998    2.9988    2.7486    1.6339    3.6335    0.4497  2.5491E+00     -0.0624  3.9571E+00
  382.1418    3.0000    2.9998    2.9988    2.7541    1.6376    3.6330    0.4498  2.5490E+00     -0.0624  3.8913E+00
  382.1505    3.0000    2.9998    2.9988    2.7595    1.6413    3.6325    0.4499  2.5489E+00     -0.0624  3.8266E+00
  382.1590    3.0000    2.9998    2.9988    2.7650    1.6451    3.6320    0.4500  2.5488E+00     -0.0624  3.7629E+00
  382.1674    3.0000    2.9998    2.9988    2.7704    1.6488    3.6315    0.4501  2.5487E+00     -0.0624  3.7004E+00
  382.1758    3.0000    2.9998    2.9988    2.7759    1.6525    3.6310    0.4502  2.5486E+00     -0.0624  3.6389E+00
  382.1841    3.0000    2.9998    2.9988    2.7814    1.6562    3.6305    0.4503  2.5485E+00     -0.0624  3.5784E+00
  382.1923    3.0000    2.9998    2.9987    2.7868    1.6599    3.6300    0.4503  2.5484E+00     -0.0624  3.5189E+00
  382.2004    3.0000    2.9998    2.9987    2.7923    1.6636    3.6295    0.4504  2.5483E+00     -0.0624  3.4604E+00
  382.2084    3.0000    2.9998    2.9987    2.7977    1.6673    3.6290    0.4505  2.5482E+00     -0.0624  3.4029E+00
  382.2112    4.0000    2.9998    2.9987    2.7996    1.6686    3.6289    0.4505  2.5482E+00     -0.0624  3.3829E+00
  382.7859    4.0000    2.9998    2.9976    2.7363    1.6257    3.6345    0.4519  2.5457E+00     -0.0624  4.1055E+00
  383.3994    4.0000    2.9998    2.9966    2.6732    1.5830    3.6401    0.4534  2.5432E+00     -0.0624  4.9843E+00
  384.0592    4.0000    2.9998    2.9958    2.6102    1.5406    3.6455    0.4550  2.5408E+00     -0.0624  6.0533E+00
  384.7748    4.0000    2.9998    2.9952    2.5474    1.4986    3.6508    0.4567  2.5384E+00     -0.0624  7.3541E+00
  385.5593    4.0000    2.9998    2.9946    2.4849    1.4570    3.6560    0.4586  2.5360E+00     -0.0624  8.9366E+00
  386.4710    4.0000    2.9998    2.9941    2.4202    1.4141    3.6613    0.4608  2.5332E+00     -0.0624  1.0951E+01
  387.3827    4.0000    2.9998    2.9936    2.3635    1.3767    3.6658    0.4630  2.5306E+00     -0.0624  1.3104E+01
  388.2944    4.0000    2.9998    2.9933    2.3142    1.3444    3.6696    0.4653  2.5280E+00     -0.0624  1.5334E+01
  389.2061    4.0000    2.9998    2.9930    2.2719    1.3168    3.6729    0.4675  2.5256E+00     -0.0624  1.7567E+01
  390.1178    4.0000    2.9998    2.9928    2.2360    1.2934    3.6756    0.4697  2.5231E+00     -0.0624  1.9731E+01
  391.0295    4.0000    2.9998    2.9926    2.2060    1.2739    3.6778    0.4719  2.5207E+00     -0.0624  2.1758E+01
  391.9412    4.0000    2.9998    2.9924    2.1813    1.2580    3.6796    0.4741  2.5183E+00     -0.0624  2.3589E+01
  392.8529    4.0000    2.9998    2.9922    2.1615    1.2452    3.6811    0.4763  2.5160E+00     -0.0624  2.5183E+01
  393.7646    4.0000    2.9998    2.9921    2.1460    1.2352    3.6822    0.4785  2.5136E+00     -0.0624  2.6514E+01
  394.6763    4.0000    2.9998    2.9919    2.1343    1.2276    3.6830    0.4807  2.5112E+00     -0.0624  2.7574E+01
  395.5880    4.0000    2.9998    2.9918    2.1258    1.2222    3.6836    0.4829  2.5089E+00     -0.0624  2.8374E+01
  396.4997    4.0000    2.9998    2.9917    2.1200    1.2185    3.6840    0.4851  2.5065E+00     -0.0624  2.8938E+01
  397.4114    4.0000    2.9998    2.9915    2.1164    1.2162    3.6843    0.4873  2.5042E+00     -0.0624  2.9300E+01
  398.3231    4.0000    2.9998    2.9914    2.1145    1.2150    3.6844    0.4895  2.5019E+00     -0.0624  2.9503E+01
  399.2348    4.0000    2.9998    2.9913    2.1138    1.2145    3.6845    0.4917  2.4995E+00     -0.0624  2.9596E+01
  400.1465    4.0000    2.9998    2.9911    2.1136    1.2144    3.6845    0.4939  2.4972E+00     -0.0624  2.9629E+01
  401.0582    4.0000    2.9998    2.9910    2.1136    1.2144    3.6845    0.4961  2.2166E+00     -0.0624  3.1491E+01
  401.9699    4.0000    2.9998    2.9909    2.1137    1.2144    3.6845    0.4983  1.9175E+00     -0.0624  3.3881E+01
  402.8816    4.0000    2.9998    2.9907    2.1137    1.2144    3.6845    0.5005  1.6559E+00     -0.0624  3.6444E+01
  403.7933    4.0000    2.9998    2.9906    2.1139    1.2145    3.6845    0.5027  1.4276E+00     -0.0624  3.9186E+01
  404.7050    4.0000    2.9998    2.9905    2.1140    1.2145    3.6845    0.5050  1.2287E+00     -0.0624  4.2113E+01
  405.6167    4.0000    2.9998    2.9904    2.1143    1.2146    3.6846    0.5072  1.0557E+00     -0.0624  4.5229E+01
  406.5284    4.0000    2.9998    2.9902    2.1146    1.2146    3.6846    0.5094  9.0559E-01     -0.0624  4.8538E+01
  407.4401    4.0000    2.9998    2.9901    2.1149    1.2147    3.6846    0.5116  7.7557E-01     -0.0624  5.2040E+01
  408.3517    4.0000    2.9998    2.9900    2.1154    1.2148    3.6847    0.5138  6.6319E-01     -0.0624  5.5733E+01
  409.2635    4.0000    2.9998    2.9898    2.1159    1.2150    3.6848    0.5160  5.6623E-01     -0.0624  5.9613E+01
  410.1751    4.0000    2.9998    2.9897    2.1166    1.2152    3.6848    0.5182  4.8275E-01     -0.0624  6.3673E+01
  411.0869    4.0000    2.9998    2.9896    2.1173    1.2154    3.6849    0.5204  4.1102E-01     -0.0624  6.7901E+01
  411.9986    4.0000    2.9998    2.9894    2.1181    1.2156    3.6850    0.5226  3.4949E-01     -0.0624  7.2282E+01
  412.9102    4.0000    2.9998    2.9893    2.1190    1.2159    3.6851    0.5248  2.9682E-01     -0.0624  7.6799E+01
  413.8220    4.0000    2.9998    2.9892    2.1200    1.2162    3.6852    0.5270  2.5182E-01     -0.0624  8.1428E+01
  414.7336    4.0000    2.9998    2.9890    2.1211    1.2166    3.6853    0.5292  2.1344E-01     -0.0624  8.6143E+01
  415.6454    4.0000    2.9998    2.9889    2.1224    1.2170    3.6853    0.5314  1.8077E-01     -0.0624  9.0915E+01
  416.5570    4.0000    2.9998    2.9888    2.1237    1.2175    3.6854    0.5336  1.5301E-01     -0.0624  9.5712E+01
  417.4688    4.0000    2.9998    2.9886    2.1252    1.2180    3.6855    0.5358  1.2946E-01     -0.0624  1.0050E+02
  418.3804    4.0000    2.9998    2.9885    2.1268    1.2186    3.6856    0.5380  1.0951E-01     -0.0624  1.0524E+02
  419.2921    4.0000    2.9998    2.9884    2.1285    1.2193    3.6857    0.5402  9.2638E-02     -0.0624  1.0989E+02
  420.2038    4.0000    2.9998    2.9882    2.1303    1.2200    3.6858    0.5425  7.8393E-02     -0.0624  1.1442E+02
  421.1155    4.0000    2.9998    2.9881    2.1323    1.2208    3.6859    0.5447  6.6382E-02     -0.0624  1.1880E+02
  422.0272    4.0000    2.9998    2.9880    2.1344    1.2217    3.6860    0.5469  5.6267E-02     -0.0624  1.2298E+02
  422.9389    4.0000    2.9998    2.9878    2.1367    1.2226    3.6861    0.5491  4.7758E-02     -0.0624  1.2694E+02
  423.8506    4.0000    2.9998    2.9877    2.1391    1.2236    3.6862    0.5513  4.0608E-02     -0.0624  1.3064E+02
  424.7623    4.0000    2.9998    2.9875    2.1416    1.2247    3.6863    0.5535  3.4606E-02     -0.0624  1.3406E+02
  425.6740    4.0000    2.9998    2.9874    2.1443    1.2259    3.6864    0.5557  2.9572E-02     -0.0624  1.3719E+02
  426.5857    4.0000    2.9998    2.9873    2.1471    1.2272    3.6864    0.5579  2.5354E-02     -0.0624  1.4000E+02
  427.4974    4.0000    2.9998    2.9871    2.1500    1.2286    3.6865    0.5601  2.1821E-02     -0.0624  1.4248E+02
  428.4091    4.0000    2.9998    2.9870    2.1531    1.2300    3.6865    0.5623  1.8865E-02     -0.0624  1.4463E+02
  429.3208    4.0000    2.9998    2.9868    2.1564    1.2316    3.6866    0.5645  1.6394E-02     -0.0624  1.4645E+02
  430.2325    4.0000    2.9998    2.9867    2.1598    1.2332    3.6866    0.5667  1.4329E-02     -0.0624  1.4792E+02
  431.1442    4.0000    2.9998    2.9865    2.1634    1.2350    3.6866    0.5689  1.2608E-02     -0.0624  1.4906E+02
  432.0559    4.0000    2.9998    2.9864    2.1672    1.2369    3.6866    0.5711  1.1174E-02     -0.0624  1.4987E+02
  432.9676    4.0000    2.9998    2.9862    2.1711    1.2388    3.6866    0.5733  9.9847E-03     -0.0624  1.5036E+02
  433.8793    4.0000    2.9998    2.9861    2.1752    1.2409    3.6866    0.5755  9.0014E-03     -0.0624  1.5053E+02
  434.7910    4.0000    2.9998    2.9859    2.1794    1.2431    3.6866    0.5777  8.1937E-03     -0.0624  1.5040E+02
  435.7027    4.0000    2.9998    2.9857    2.1838    1.2454    3.6865    0.5799  7.5369E-03     -0.0624  1.4997E+02
  436.6144    4.0000    2.9998    2.9856    2.1884    1.2479    3.6864    0.5822  7.0107E-03     -0.0624  1.4926E+02
  437.5261    4.0000    2.9998    2.9854    2.1932    1.2505    3.6863    0.5844  6.5992E-03     -0.0624  1.4827E+02
  438.4378    4.0000    2.9998    2.9852    2.1981    1.2531    3.6862    0.5866  6.2903E-03     -0.0624  1.4702E+02
  439.3495    4.0000    2.9998    2.9851    2.2033    1.2560    3.6861    0.5888  6.0750E-03     -0.0624  1.4551E+02
  440.2612    4.0000    2.9998    2.9849    2.2086    1.2589    3.6859    0.5910  5.9476E-03     -0.0624  1.4375E+02
  441.1729    4.0000    2.9998    2.9847    2.2141    1.2620    3.6858    0.5932  5.9050E-03     -0.0624  1.4174E+02
  442.0846    4.0000    2.9998    2.9845    2.2197    1.2653    3.6856    0.5954  5.9471E-03     -0.0624  1.3950E+02
  442.9963    4.0000    2.9998    2.9843    2.2256    1.2687    3.6853    0.5976  6.0770E-03     -0.0624  1.3702E+02
  443.9080    4.0000    2.9998    2.9841    2.2316    1.2722    3.6851    0.5998  6.3008E-03     -0.0624  1.3432E+02
  444.8197    4.0000    2.9998    2.9840    2.2379    1.2759    3.6848    0.6020  6.6281E-03     -0.0624  1.3139E+02
  445.7314    4.0000    2.9998    2.9838    2.2443    1.2797    3.6845    0.6042  7.0729E-03     -0.0624  1.2823E+02
  446.6431    4.0000    2.9998    2.9835    2.2509    1.2837    3.6841    0.6064  7.6542E-03     -0.0624  1.2485E+02
  447.5548    4.0000    2.9998    2.9833    2.2578    1.2879    3.6838    0.6086  8.3968E-03     -0.0624  1.2125E+02
  448.4665    4.0000    2.9998    2.9831    2.2648    1.2922    3.6834    0.6108  9.3333E-03     -0.0624  1.1744E+02
  449.3782    4.0000    2.9998    2.9829    2.2720    1.2967    3.6829    0.6130  1.0505E-02     -0.0624  1.1340E+02
  450.2899    4.0000    2.9998    2.9827    2.2794    1.3014    3.6824    0.6152  1.1967E-02     -0.0624  1.0916E+02
  451.2016    4.0000    2.9998    2.9824    2.2871    1.3062    3.6819    0.6174  1.3785E-02     -0.0624  1.0471E+02
  452.1133    4.0000    2.9998    2.9822    2.2949    1.3112    3.6814    0.6196  1.6047E-02     -0.0624  1.0008E+02
  453.0250    4.0000    2.9998    2.9820    2.3029    1.3164    3.6808    0.6219  1.8864E-02     -0.0624  9.5256E+01
  453.9367    4.0000    2.9998    2.9817    2.3112    1.3218    3.6802    0.6241  2.2374E-02     -0.0624  9.0275E+01
  454.8484    4.0000    2.9998    2.9814    2.3196    1.3273    3.6795    0.6263  2.6757E-02     -0.0624  8.5156E+01
  455.7601    4.0000    2.9998    2.9812    2.3283    1.3331    3.6788    0.6285  3.2238E-02     -0.0624  7.9926E+01
  456.6718    4.0000    2.9998    2.9809    2.3372    1.3390    3.6781    0.6307  3.9104E-02     -0.0624  7.4621E+01
  457.5835    4.0000    2.9998    2.9806    2.3463    1.3451    3.6773    0.6329  4.7718E-02     -0.0624  6.9279E+01
  458.4951    4.0000    2.9998    2.9803    2.3556    1.3515    3.6764    0.6351  5.8541E-02     -0.0624  6.3944E+01
  459.4069    4.0000    2.9998    2.9800    2.3651    1.3580    3.6756    0.6373  7.2157E-02     -0.0624  5.8661E+01
  460.3186    4.0000    2.9998    2.9797    2.3749    1.3647    3.6746    0.6395  8.9305E-02     -0.0624  5.3480E+01
  461.2303    4.0000    2.9998    2.9793    2.3848    1.3717    3.6736    0.6417  1.1092E-01     -0.0624  4.8447E+01
  462.1420    4.0000    2.9998    2.9790    2.3950    1.3788    3.6726    0.6439  1.3819E-01     -0.0624  4.3608E+01
  463.0536    4.0000    2.9998    2.9786    2.4054    1.3862    3.6715    0.6461  1.7259E-01     -0.0624  3.9003E+01
  463.9654    4.0000    2.9998    2.9782    2.4161    1.3938    3.6704    0.6483  2.1602E-01     -0.0624  3.4665E+01
  464.8770    4.0000    2.9998    2.9778    2.4270    1.4016    3.6692    0.6505  2.7085E-01     -0.0624  3.0622E+01
  465.7888    4.0000    2.9998    2.9774    2.4380    1.4096    3.6680    0.6527  3.4005E-01     -0.0624  2.6890E+01
  466.7004    4.0000    2.9998    2.9770    2.4494    1.4179    3.6667    0.6549  4.2738E-01     -0.0624  2.3481E+01
  467.6122    4.0000    2.9998    2.9765    2.4609    1.4263    3.6653    0.6571  5.3754E-01     -0.0624  2.0394E+01
  468.5238    4.0000    2.9998    2.9761    2.4727    1.4351    3.6639    0.6593  6.7643E-01     -0.0624  1.7624E+01
  469.4355    4.0000    2.9998    2.9756    2.4847    1.4440    3.6624    0.6616  8.5145E-01     -0.0624  1.5160E+01
  470.3472    4.0000    2.9998    2.9751    2.4969    1.4532    3.6609    0.6638  1.0718E+00     -0.0624  1.2984E+01
  471.2589    4.0000    2.9998    2.9745    2.5094    1.4626    3.6593    0.6660  1.3491E+00     -0.0624  1.1076E+01
  472.1706    4.0000    2.9998    2.9739    2.5221    1.4723    3.6576    0.6682  1.6977E+00     -0.0624  9.4148E+00
  473.0823    4.0000    2.9998    2.9733    2.5351    1.4823    3.6559    0.6704  2.1355E+00     -0.0624  7.9762E+00
  473.3811    5.0000    2.9998    2.9731    2.5394    1.4856    3.6553    0.6711  2.3020E+00     -0.0624  7.5494E+00
  473.4479    5.0000    2.9998    2.9731    2.5503    1.4927    3.6545    0.6711  2.3020E+00     -0.0624  7.3018E+00
  473.5135    5.0000    2.9998    2.9730    2.5613    1.4999    3.6537    0.6711  2.3019E+00     -0.0624  7.0626E+00
  473.5777    5.0000    2.9998    2.9730    2.5723    1.5070    3.6528    0.6711  2.3019E+00     -0.0624  6.8313E+00
  473.6406    5.0000    2.9998    2.9729    2.5832    1.5142    3.6520    0.6711  2.3018E+00     -0.0624  6.6079E+00
  473.7023    5.0000    2.9998    2.9729    2.5942    1.5213    3.6511    0.6711  2.3018E+00     -0.0624  6.3919E+00
  473.7628    5.0000    2.9998    2.9728    2.6052    1.5285    3.6503    0.6711  2.3017E+00     -0.0624  6.1831E+00
  473.8220    5.0000    2.9998    2.9728    2.6161    1.5357    3.6495    0.6711  2.3017E+00     -0.0624  5.9812E+00
  473.8800    5.0000    2.9998    2.9727    2.6271    1.5429    3.6486    0.6711  2.3016E+00     -0.0624  5.7861E+00
  473.9370    5.0000    2.9998    2.9727    2.6381    1.5501    3.6477    0.6711  2.3016E+00     -0.0624  5.5975E+00
  473.9927    5.0000    2.9998    2.9726    2.6490    1.5573    3.6469    0.6711  2.3015E+00     -0.0624  5.4152E+00
  474.0473    5.0000    2.9998    2.9725    2.6600    1.5645    3.6460    0.6711  2.3014E+00     -0.0624  5.2388E+00
  474.1009    5.0000    2.9998    2.9725    2.6710    1.5717    3.6452    0.6711  2.3014E+00     -0.0624  5.0684E+00
  474.1534    5.0000    2.9998    2.9724    2.6819    1.5789    3.6443    0.6711  2.3013E+00     -0.0624  4.9035E+00
  474.2048    5.0000    2.9998    2.9724    2.6929    1.5861    3.6434    0.6711  2.3013E+00     -0.0624  4.7441E+00
  474.2552    5.0000    2.9998    2.9723    2.7039    1.5934    3.6426    0.6711  2.3012E+00     -0.0624  4.5900E+00
  474.3046    5.0000    2.9998    2.9722    2.7148    1.6006    3.6417    0.6711  2.3011E+00     -0.0624  4.4409E+00
  474.3530    5.0000    2.9998    2.9722    2.7258    1.6078    3.6408    0.6711  2.3011E+00     -0.0624  4.2968E+00
  474.4004    5.0000    2.9998    2.9721    2.7368    1.6151    3.6399    0.6711  2.3010E+00     -0.0624  4.1574E+00
  474.4469    5.0000    2.9998    2.9720    2.7477    1.6223    3.6390    0.6711  2.3009E+00     -0.0624  4.0225E+00
  474.4924    5.0000    2.9998    2.9719    2.7587    1.6296    3.6382    0.6711  2.3008E+00     -0.0624  3.8921E+00
  474.5371    5.0000    2.9998    2.9719    2.7697    1.6369    3.6373    0.6711  2.3008E+00     -0.0624  3.7659E+00
  474.5808    5.0000    2.9998    2.9718    2.7807    1.6441    3.6364    0.6711  2.3007E+00     -0.0624  3.6439E+00
  474.6237    5.0000    2.9998    2.9717    2.7916    1.6514    3.6355    0.6711  2.3006E+00     -0.0624  3.5259E+00
  474.6657    5.0000    2.9998    2.9716    2.8026    1.6587    3.6346    0.6711  2.3005E+00     -0.0624  3.4117E+00
  474.7069    5.0000    2.9998    2.9716    2.8136    1.6660    3.6337    0.6711  2.3005E+00     -0.0624  3.3013E+00
  474.7473    5.0000    2.9998    2.9715    2.8245    1.6733    3.6328    0.6711  2.3004E+00     -0.0624  3.1944E+00
  474.7868    5.0000    2.9998    2.9714    2.8355    1.6806    3.6319    0.6711  2.3003E+00     -0.0624  3.0910E+00
  474.8255    5.0000    2.9998    2.9713    2.8465    1.6879    3.6310    0.6711  2.3002E+00     -0.0624  2.9910E+00
  474.8635    5.0000    2.9998    2.9712    2.8574    1.6952    3.6300    0.6711  2.3001E+00     -0.0624  2.8943E+00
  474.9008    5.0000    2.9998    2.9711    2.8684    1.7025    3.6291    0.6711  2.3000E+00     -0.0624  2.8006E+00
  474.9372    5.0000    2.9998    2.9710    2.8794    1.7098    3.6282    0.6711  2.2999E+00     -0.0624  2.7101E+00
  474.9730    5.0000    2.9998    2.9709    2.8903    1.7171    3.6273    0.6711  2.2998E+00     -0.0624  2.6224E+00
  475.0080    5.0000    2.9998    2.9709    2.9013    1.7245    3.6264    0.6711  2.2998E+00     -0.0624  2.5376E+00
  475.0423    5.0000    2.9998    2.9708    2.9123    1.7318    3.6254    0.6711  2.2997E+00     -0.0624  2.4556E+00
  475.0760    5.0000    2.9998    2.9707    2.9232    1.7391    3.6245    0.6711  2.2996E+00     -0.0624  2.3762E+00
  475.1089    5.0000    2.9998    2.9706    2.9342    1.7465    3.6236    0.6711  2.2995E+00     -0.0624  2.2994E+00
  475.1413    5.0000    2.9998    2.9704    2.9452    1.7538    3.6226    0.6711  2.2993E+00     -0.0624  2.2250E+00
  475.1729    5.0000    2.9998    2.9703    2.9561    1.7612    3.6217    0.6711  2.2992E+00     -0.0624  2.1531E+00
  475.2039    5.0000    2.9998    2.9702    2.9671    1.7686    3.6208    0.6711  2.2991E+00     -0.0624  2.0835E+00
  475.2344    5.0000    2.9998    2.9701    2.9781    1.7759    3.6198    0.6711  2.2990E+00     -0.0624  2.0161E+00
  475.2642    5.0000    2.9998    2.9700    2.9890    1.7833    3.6189    0.6711  2.2989E+00     -0.0624  1.9509E+00
  475.2934    5.0000    2.9998    2.9699    3.0000    1.7907    3.6179    0.6711  2.2988E+00     -0.0624  1.8878E+00
  475.3220    5.0000    2.9998    2.9698    3.0110    1.7981    3.6170    0.6711  2.2987E+00     -0.0624  1.8267E+00
  475.3501    5.0000    2.9998    2.9696    3.0219    1.8055    3.6160    0.6711  2.2985E+00     -0.0624  1.7676E+00
  475.3775    5.0000    2.9998    2.9695    3.0329    1.8129    3.6151    0.6711  2.2984E+00     -0.0624  1.7104E+00
  475.4045    5.0000    2.9998    2.9694    3.0439    1.8203    3.6141    0.6711  2.2983E+00     -0.0624  1.6551E+00
  475.4309    5.0000    2.9998    2.9693    3.0548    1.8277    3.6131    0.6711  2.2982E+00     -0.0624  1.6015E+00
  475.4568    5.0000    2.9998    2.9691    3.0658    1.8351    3.6122    0.6711  2.2980E+00     -0.0624  1.5497E+00
  475.4821    5.0000    2.9998    2.9690    3.0768    1.8425    3.6112    0.6711  2.2979E+00     -0.0624  1.4995E+00
  475.5070    5.0000    2.9998    2.9689    3.0877    1.8499    3.6102    0.6711  2.2978E+00     -0.0624  1.4509E+00
  475.5313    5.0000    2.9998    2.9687    3.0987    1.8573    3.6093    0.6711  2.2976E+00     -0.0624  1.4039E+00
  475.5552    5.0000    2.9998    2.9686    3.1097    1.8648    3.6083    0.6711  2.2975E+00     -0.0624  1.3584E+00
  475.5786    5.0000    2.9998    2.9684    3.1206    1.8722    3.6073    0.6711  2.2973E+00     -0.0624  1.3143E+00
  475.6015    5.0000    2.9998    2.9683    3.1316    1.8797    3.6063    0.6711  2.2972E+00     -0.0624  1.2717E+00
  475.6240    5.0000    2.9998    2.9681    3.1426    1.8871    3.6054    0.6711  2.2970E+00     -0.0624  1.2304E+00
  475.6460    5.0000    2.9998    2.9680    3.1535    1.8946    3.6044    0.6711  2.2969E+00     -0.0624  1.1905E+00
  475.6675    5.0000    2.9998    2.9678    3.1645    1.9020    3.6034    0.6711  2.2967E+00     -0.0624  1.1518E+00
  475.6887    5.0000    2.9998    2.9676    3.1755    1.9095    3.6024    0.6711  2.2965E+00     -0.0624  1.1144E+00
  475.7094    5.0000    2.9998    2.9675    3.1864    1.9169    3.6014    0.6711  2.2964E+00     -0.0624  1.0782E+00
  475.7297    5.0000    2.9998    2.9673    3.1974    1.9244    3.6004    0.6711  2.2962E+00     -0.0624  1.0431E+00
  475.7496    5.0000    2.9998    2.9671    3.2084    1.9319    3.5994    0.6711  2.2960E+00     -0.0624  1.0092E+00
  475.7691    5.0000    2.9998    2.9669    3.2193    1.9394    3.5984    0.6711  2.2958E+00     -0.0624  9.7629E-01
  475.7882    5.0000    2.9998    2.9667    3.2303    1.9469    3.5974    0.6711  2.2956E+00     -0.0624  9.4448E-01
  475.8069    5.0000    2.9998    2.9666    3.2413    1.9543    3.5964    0.6711  2.2955E+00     -0.0624  9.1369E-01
  475.8253    5.0000    2.9998    2.9664    3.2522    1.9618    3.5954    0.6711  2.2953E+00     -0.0624  8.8389E-01
  475.8433    5.0000    2.9998    2.9662    3.2632    1.9693    3.5944    0.6711  2.2951E+00     -0.0624  8.5503E-01
  475.8609    5.0000    2.9998    2.9660    3.2742    1.9768    3.5934    0.6711  2.2949E+00     -0.0624  8.2710E-01
  475.8782    5.0000    2.9998    2.9657    3.2852    1.9844    3.5924    0.6711  2.2946E+00     -0.0624  8.0006E-01
  475.8951    5.0000    2.9998    2.9655    3.2961    1.9919    3.5914    0.6711  2.2944E+00     -0.0624  7.7389E-01
  475.9117    5.0000    2.9998    2.9653    3.3071    1.9994    3.5903    0.6711  2.2942E+00     -0.0624  7.4855E-01
  475.9279    5.0000    2.9998    2.9651    3.3181    2.0069    3.5893    0.6711  2.2940E+00     -0.0624  7.2402E-01
  475.9439    5.0000    2.9998    2.9649    3.3290    2.0144    3.5883    0.6711  2.2938E+00     -0.0624  7.0027E-01
  475.9595    5.0000    2.9998    2.9646    3.3400    2.0220    3.5873    0.6711  2.2935E+00     -0.0624  6.7728E-01
  475.9748    5.0000    2.9998    2.9644    3.3510    2.0295    3.5863    0.6711  2.2933E+00     -0.0624  6.5502E-01
  475.9898    5.0000    2.9998    2.9642    3.3619    2.0371    3.5852    0.6711  2.2931E+00     -0.0624  6.3347E-01
  476.0045    5.0000    2.9998    2.9639    3.3729    2.0446    3.5842    0.6711  2.2928E+00     -0.0624  6.1261E-01
  476.0189    5.0000    2.9998    2.9637    3.3839    2.0522    3.5832    0.6711  2.2926E+00     -0.0624  5.9241E-01
  476.0330    5.0000    2.9998    2.9634    3.3948    2.0597    3.5821    0.6711  2.2923E+00     -0.0624  5.7286E-01
  476.0468    5.0000    2.9998    2.9631    3.4058    2.0673    3.5811    0.6711  2.2920E+00     -0.0624  5.5393E-01
  476.0604    5.0000    2.9998    2.9629    3.4168    2.0748    3.5800    0.6711  2.2918E+00     -0.0624  5.3560E-01
  476.0737    5.0000    2.9998    2.9626    3.4277    2.0824    3.5790    0.6711  2.2915E+00     -0.0624  5.1786E-01
  476.0867    5.0000    2.9998    2.9623    3.4387    2.0900    3.5780    0.6711  2.2912E+00     -0.0624  5.0068E-01
  476.0995    5.0000    2.9998    2.9620    3.4497    2.0976    3.5769    0.6711  2.2909E+00     -0.0624  4.8405E-01
  476.1119    5.0000    2.9998    2.9617    3.4606    2.1051    3.5759    0.6711  2.2906E+00     -0.0624  4.6794E-01
  476.1242    5.0000    2.9998    2.9614    3.4716    2.1127    3.5748    0.6711  2.2903E+00     -0.0624  4.5235E-01
  476.1362    5.0000    2.9998    2.9611    3.4826    2.1203    3.5738    0.6711  2.2900E+00     -0.0624  4.3725E-01
  476.1480    5.0000    2.9998    2.9608    3.4935    2.1279    3.5727    0.6711  2.2897E+00     -0.0624  4.2264E-01
  476.1595    5.0000    2.9998    2.9604    3.5045    2.1355    3.5716    0.6711  2.2893E+00     -0.0624  4.0848E-01
  476.1708    5.0000    2.9998    2.9601    3.5155    2.1431    3.5706    0.6711  2.2890E+00     -0.0624  3.9478E-01
  476.1819    5.0000    2.9998    2.9598    3.5264    2.1507    3.5695    0.6711  2.2887E+00     -0.0624  3.8151E-01
  476.1927    5.0000    2.9998    2.9594    3.5374    2.1583    3.5685    0.6711  2.2883E+00     -0.0624  3.6866E-01
  476.2034    5.0000    2.9998    2.9591    3.5484    2.1659    3.5674    0.6711  2.2880E+00     -0.0624  3.5622E-01
  476.2138    5.0000    2.9998    2.9587    3.5593    2.1736    3.5663    0.6711  2.2876E+00     -0.0624  3.4418E-01
  476.2240    5.0000    2.9998    2.9583    3.5703    2.1812    3.5652    0.6711  2.2872E+00     -0.0624  3.3251E-01
  476.2340    5.0000    2.9998    2.9579    3.5813    2.1888    3.5642    0.6711  2.2868E+00     -0.0624  3.2121E-01
  476.2438    5.0000    2.9998    2.9576    3.5922    2.1965    3.5631    0.6711  2.2865E+00     -0.0624  3.1028E-01
  476.2534    5.0000    2.9998    2.9572    3.6032    2.2041    3.5620    0.6711  2.2861E+00     -0.0624  2.9968E-01
  476.2629    5.0000    2.9998    2.9567    3.6142    2.2117    3.5609    0.6711  2.2856E+00     -0.0624  2.8943E-01
  476.2721    5.0000    2.9998    2.9563    3.6251    2.2194    3.5599    0.6711  2.2852E+00     -0.0624  2.7949E-01
  476.2812    5.0000    2.9998    2.9559    3.6361    2.2270    3.5588    0.6711  2.2848E+00     -0.0624  2.6987E-01
  476.2900    5.0000    2.9998    2.9555    3.6471    2.2347    3.5577    0.6711  2.2844E+00     -0.0624  2.6056E-01
  476.2987    5.0000    2.9998    2.9550    3.6580    2.2423    3.5566    0.6711  2.2839E+00     -0.0624  2.5154E-01
  476.3072    5.0000    2.9998    2.9546    3.6690    2.2500    3.5555    0.6711  2.2835E+00     -0.0624  2.4280E-01
  476.3156    5.0000    2.9998    2.9541    3.6800    2.2577    3.5544    0.6711  2.2830E+00     -0.0624  2.3434E-01
  476.3238    5.0000    2.9998    2.9536    3.6909    2.2653    3.5533    0.6711  2.2825E+00     -0.0624  2.2615E-01
  476.3318    5.0000    2.9998    2.9531    3.7019    2.2730    3.5522    0.6711  2.2820E+00     -0.0624  2.1821E-01
  476.3396    5.0000    2.9998    2.9526    3.7129    2.2807    3.5511    0.6711  2.2815E+00     -0.0624  2.1052E-01
  476.3473    5.0000    2.9998    2.9521    3.7238    2.2884    3.5500    0.6711  2.2810E+00     -0.0624  2.0308E-01
  476.3549    5.0000    2.9998    2.9516    3.7348    2.2961    3.5489    0.6711  2.2805E+00     -0.0624  1.9587E-01
  476.3623    5.0000    2.9998    2.9510    3.7458    2.3038    3.5478    0.6711  2.2799E+00     -0.0624  1.8889E-01
  476.3695    5.0000    2.9998    2.9505    3.7567    2.3115    3.5467    0.6711  2.2794E+00     -0.0624  1.8213E-01
  476.3766    5.0000    2.9998    2.9499    3.7677    2.3192    3.5456    0.6711  2.2788E+00     -0.0624  1.7558E-01
  476.3836    5.0000    2.9998    2.9493    3.7787    2.3269    3.5445    0.6711  2.2782E+00     -0.0624  1.6924E-01
  476.3904    5.0000    2.9998    2.9488    3.7897    2.3346    3.5434    0.6711  2.2777E+00     -0.0624  1.6309E-01
  476.3971    5.0000    2.9998    2.9482    3.8006    2.3423    3.5423    0.6711  2.2771E+00     -0.0624  1.5714E-01
  476.4036    5.0000    2.9998    2.9475    3.8116    2.3500    3.5412    0.6711  2.2764E+00     -0.0624  1.5138E-01
  476.4100    5.0000    2.9998    2.9469    3.8226    2.3577    3.5400    0.6711  2.2758E+00     -0.0624  1.4580E-01
  476.4142    6.0000    2.9998    2.9465    3.8297    2.3628    3.5393    0.6711  2.2754E+00     -0.0624  1.4225E-01
  476.4192    6.0000    2.9998    2.9460    3.8311    2.3638    3.5392    0.6713  2.2747E+00     -0.0624  1.4147E-01
  476.4242    6.0000    2.9998    2.9454    3.8325    2.3648    3.5390    0.6715  2.2739E+00     -0.0624  1.4069E-01
  476.4292    6.0000    2.9998    2.9449    3.8339    2.3658    3.5389    0.6717  2.2732E+00     -0.0624  1.3991E-01
  476.4342    6.0000    2.9998    2.9443    3.8353    2.3668    3.5387    0.6719  2.2725E+00     -0.0624  1.3913E-01
  476.4392    6.0000    2.9998    2.9438    3.8367    2.3678    3.5385    0.6721  2.2717E+00     -0.0624  1.3836E-01
  476.4442    6.0000    2.9998    2.9433    3.8381    2.3688    3.5384    0.6723  2.2710E+00     -0.0624  1.3758E-01
  476.4492    6.0000    2.9998    2.9427    3.8395    2.3698    3.5382    0.6725  2.2702E+00     -0.0624  1.3681E-01
  476.4542    6.0000    2.9998    2.9422    3.8409    2.3708    3.5381    0.6727  2.2695E+00     -0.0624  1.3604E-01
  476.4592    6.0000    2.9998    2.9416    3.8424    2.3719    3.5379    0.6729  2.2687E+00     -0.0624  1.3527E-01
  476.4642    6.0000    2.9998    2.9411    3.8438    2.3729    3.5378    0.6731  2.2680E+00     -0.0624  1.3450E-01
  476.4692    6.0000    2.9998    2.9405    3.8452    2.3739    3.5376    0.6733  2.2672E+00     -0.0624  1.3373E-01
  476.4742    6.0000    2.9998    2.9399    3.8466    2.3750    3.5375    0.6735  2.2664E+00     -0.0624  1.3296E-01
  476.4792    6.0000    2.9998    2.9394    3.8481    2.3760    3.5373    0.6737  2.2657E+00     -0.0624  1.3220E-01
  476.4842    6.0000    2.9998    2.9388    3.8495    2.3770    3.5371    0.6739  2.2649E+00     -0.0624  1.3143E-01
  476.4892    6.0000    2.9998    2.9382    3.8510    2.3781    3.5370    0.6741  2.2641E+00     -0.0624  1.3067E-01
  476.4942    6.0000    2.9998    2.9376    3.8524    2.3791    3.5368    0.6743  2.2633E+00     -0.0624  1.2991E-01
  476.4992    6.0000    2.9998    2.9371    3.8538    2.3802    3.5367    0.6745  2.2625E+00     -0.0624  1.2915E-01
  476.5042    6.0000    2.9998    2.9365    3.8553    2.3812    3.5365    0.6747  2.2617E+00     -0.0624  1.2839E-01
  476.5092    6.0000    2.9998    2.9359    3.8568    2.3823    3.5363    0.6749  2.2610E+00     -0.0624  1.2764E-01
  476.5142    6.0000    2.9998    2.9353    3.8582    2.3833    3.5362    0.6752  2.2602E+00     -0.0624  1.2688E-01
  476.5192    6.0000    2.9998    2.9347    3.8597    2.3844    3.5360    0.6754  2.2593E+00     -0.0624  1.2613E-01
  476.5242    6.0000    2.9998    2.9341    3.8612    2.3854    3.5358    0.6756  2.2585E+00     -0.0624  1.2538E-01
  476.5292    6.0000    2.9998    2.9335    3.8626    2.3865    3.5357    0.6758  2.2577E+00     -0.0624  1.2463E-01
  476.5342    6.0000    2.9998    2.9329    3.8641    2.3876    3.5355    0.6760  2.2569E+00     -0.0624  1.2388E-01
  476.5392    6.0000    2.9998    2.9323    3.8656    2.3886    3.5353    0.6762  2.2561E+00     -0.0624  1.2313E-01
  476.5442    6.0000    2.9998    2.9317    3.8671    2.3897    3.5352    0.6764  2.2553E+00     -0.0624  1.2239E-01
  476.5492    6.0000    2.9998    2.9311    3.8686    2.3908    3.5350    0.6766  2.2544E+00     -0.0624  1.2164E-01
  476.5542    6.0000    2.9998    2.9304    3.8701    2.3919    3.5348    0.6769  2.2536E+00     -0.0624  1.2090E-01
  476.5592    6.0000    2.9998    2.9298    3.8715    2.3929    3.5347    0.6771  2.2528E+00     -0.0624  1.2016E-01
  476.5642    6.0000    2.9998    2.9292    3.8730    2.3940    3.5345    0.6773  2.2519E+00     -0.0624  1.1942E-01
  476.5692    6.0000    2.9998    2.9286    3.8746    2.3951    3.5343    0.6775  2.2511E+00     -0.0624  1.1868E-01
  476.5742    6.0000    2.9998    2.9279    3.8761    2.3962    3.5342    0.6777  2.2502E+00     -0.0624  1.1794E-01
  476.5792    6.0000    2.9998    2.9273    3.8776    2.3973    3.5340    0.6779  2.2494E+00     -0.0624  1.1721E-01
  476.5842    6.0000    2.9998    2.9266    3.8791    2.3984    3.5338    0.6782  2.2485E+00     -0.0624  1.1647E-01
  476.5892    6.0000    2.9998    2.9260    3.8806    2.3995    3.5337    0.6784  2.2476E+00     -0.0624  1.1574E-01
  476.5942    6.0000    2.9998    2.9253    3.8821    2.4006    3.5335    0.6786  2.2468E+00     -0.0624  1.1501E-01
  476.5992    6.0000    2.9998    2.9247    3.8837    2.4017    3.5333    0.6788  2.2459E+00     -0.0624  1.1428E-01
  476.6042    6.0000    2.9998    2.9240    3.8852    2.4028    3.5332    0.6790  2.2450E+00     -0.0624  1.1355E-01
  476.6092    6.0000    2.9998    2.9234    3.8868    2.4040    3.5330    0.6793  2.2441E+00     -0.0624  1.1283E-01
  476.6142    6.0000    2.9998    2.9227    3.8883    2.4051    3.5328    0.6795  2.2432E+00     -0.0624  1.1210E-01
  476.6192    6.0000    2.9998    2.9220    3.8898    2.4062    3.5326    0.6797  2.2423E+00     -0.0624  1.1138E-01
  476.6242    6.0000    2.9998    2.9214    3.8914    2.4073    3.5325    0.6799  2.2414E+00     -0.0624  1.1066E-01
  476.6292    6.0000    2.9998    2.9207    3.8930    2.4084    3.5323    0.6802  2.2405E+00     -0.0624  1.0994E-01
  476.6342    6.0000    2.9998    2.9200    3.8945    2.4096    3.5321    0.6804  2.2396E+00     -0.0624  1.0922E-01
  476.6392    6.0000    2.9998    2.9193    3.8961    2.4107    3.5319    0.6806  2.2387E+00     -0.0624  1.0851E-01
  476.6442    6.0000    2.9998    2.9186    3.8977    2.4119    3.5318    0.6808  2.2378E+00     -0.0624  1.0779E-01
  476.6492    6.0000    2.9998    2.9179    3.8992    2.4130    3.5316    0.6811  2.2368E+00     -0.0624  1.0708E-01
  476.6542    6.0000    2.9998    2.9172    3.9008    2.4141    3.5314    0.6813  2.2359E+00     -0.0624  1.0637E-01
  476.6592    6.0000    2.9998    2.9165    3.9024    2.4153    3.5312    0.6815  2.2350E+00     -0.0624  1.0565E-01
  476.6642    6.0000    2.9998    2.9158    3.9040    2.4164    3.5310    0.6818  2.2340E+00     -0.0624  1.0495E-01
  476.6692    6.0000    2.9998    2.9151    3.9056    2.4176    3.5309    0.6820  2.2331E+00     -0.0624  1.0424E-01
  476.6742    6.0000    2.9998    2.9143    3.9072    2.4188    3.5307    0.6822  2.2321E+00     -0.0624  1.0353E-01
  476.6792    6.0000    2.9998    2.9136    3.9088    2.4199    3.5305    0.6825  2.2311E+00     -0.0624  1.0283E-01
  476.6842    6.0000    2.9998    2.9129    3.9104    2.4211    3.5303    0.6827  2.2302E+00     -0.0624  1.0213E-01
  476.6892    6.0000    2.9998    2.9121    3.9120    2.4223    3.5301    0.6829  2.2292E+00     -0.0624  1.0143E-01
  476.6942    6.0000    2.9998    2.9114    3.9136    2.4234    3.5300    0.6832  2.2282E+00     -0.0624  1.0073E-01
  476.6992    6.0000    2.9998    2.9107    3.9152    2.4246    3.5298    0.6834  2.2272E+00     -0.0624  1.0003E-01
  476.7042    6.0000    2.9998    2.9099    3.9169    2.4258    3.5296    0.6837  2.2262E+00     -0.0624  9.9335E-02
  476.7092    6.0000    2.9998    2.9091    3.9185    2.4270    3.5294    0.6839  2.2252E+00     -0.0624  9.8641E-02
  476.7142    6.0000    2.9998    2.9084    3.9201    2.4282    3.5292    0.6841  2.2242E+00     -0.0624  9.7949E-02
  476.7192    6.0000    2.9998    2.9076    3.9218    2.4294    3.5290    0.6844  2.2232E+00     -0.0624  9.7258E-02
  476.7242    6.0000    2.9998    2.9068    3.9234    2.4306    3.5288    0.6846  2.2222E+00     -0.0624  9.6569E-02
  476.7292    6.0000    2.9998    2.9061    3.9251    2.4318    3.5287    0.6849  2.2212E+00     -0.0624  9.5882E-02
  476.7342    6.0000    2.9998    2.9053    3.9267    2.4330    3.5285    0.6851  2.2202E+00     -0.0624  9.5196E-02
  476.7392    6.0000    2.9998    2.9045    3.9284    2.4342    3.5283    0.6854  2.2191E+00     -0.0624  9.4512E-02
  476.7442    6.0000    2.9998    2.9037    3.9301    2.4354    3.5281    0.6856  2.2181E+00     -0.0624  9.3830E-02
  476.7492    6.0000    2.9998    2.9029    3.9317    2.4366    3.5279    0.6859  2.2171E+00     -0.0624  9.3149E-02
  476.7542    6.0000    2.9998    2.9021    3.9334    2.4378    3.5277    0.6861  2.2160E+00     -0.0624  9.2470E-02
  476.7592    6.0000    2.9998    2.9013    3.9351    2.4391    3.5275    0.6864  2.2149E+00     -0.0624  9.1793E-02
  476.7642    6.0000    2.9998    2.9005    3.9368    2.4403    3.5273    0.6866  2.2139E+00     -0.0624  9.1118E-02
  476.7692    6.0000    2.9998    2.8997    3.9385    2.4415    3.5271    0.6869  2.2128E+00     -0.0624  9.0444E-02
  476.7742    6.0000    2.9998    2.8988    3.9402    2.4428    3.5269    0.6871  2.2117E+00     -0.0624  8.9772E-02
  476.7792    6.0000    2.9998    2.8980    3.9419    2.4440    3.5267    0.6874  2.2106E+00     -0.0624  8.9101E-02
  476.7842    6.0000    2.9998    2.8972    3.9436    2.4453    3.5265    0.6876  2.2095E+00     -0.0624  8.8433E-02
  476.7892    6.0000    2.9998    2.8963    3.9453    2.4465    3.5263    0.6879  2.2084E+00     -0.0624  8.7766E-02
  476.7942    6.0000    2.9998    2.8955    3.9470    2.4478    3.5261    0.6881  2.2073E+00     -0.0624  8.7101E-02
  476.7992    6.0000    2.9998    2.8946    3.9488    2.4490    3.5259    0.6884  2.2062E+00     -0.0624  8.6438E-02
  476.8042    6.0000    2.9998    2.8937    3.9505    2.4503    3.5257    0.6886  2.2051E+00     -0.0624  8.5776E-02
  476.8092    6.0000    2.9998    2.8929    3.9522    2.4516    3.5255    0.6889  2.2040E+00     -0.0624  8.5116E-02
  476.8142    6.0000    2.9998    2.8920    3.9540    2.4528    3.5253    0.6892  2.2028E+00     -0.0624  8.4459E-02
  476.8192    6.0000    2.9998    2.8911    3.9557    2.4541    3.5251    0.6894  2.2017E+00     -0.0624  8.3802E-02
  476.8242    6.0000    2.9998    2.8902    3.9575    2.4554    3.5249    0.6897  2.2005E+00     -0.0624  8.3148E-02
  476.8292    6.0000    2.9998    2.8893    3.9592    2.4567    3.5247    0.6900  2.1994E+00     -0.0624  8.2495E-02
  476.8342    6.0000    2.9998    2.8884    3.9610    2.4580    3.5245    0.6902  2.1982E+00     -0.0624  8.1845E-02
  476.8392    6.0000    2.9998    2.8875    3.9628    2.4593    3.5243    0.6905  2.1970E+00     -0.0624  8.1196E-02
  476.8442    6.0000    2.9998    2.8866    3.9645    2.4606    3.5241    0.6907  2.1959E+00     -0.0624  8.0549E-02
  476.8492    6.0000    2.9998    2.8857    3.9663    2.4619    3.5239    0.6910  2.1947E+00     -0.0624  7.9903E-02
  476.8542    6.0000    2.9998    2.8848    3.9681    2.4632    3.5237    0.6913  2.1935E+00     -0.0624  7.9260E-02
  476.8592    6.0000    2.9998    2.8838    3.9699    2.4645    3.5235    0.6916  2.1923E+00     -0.0624  7.8618E-02
  476.8642    6.0000    2.9998    2.8829    3.9717    2.4658    3.5233    0.6918  2.1910E+00     -0.0624  7.7979E-02
  476.8692    6.0000    2.9998    2.8819    3.9735    2.4671    3.5231    0.6921  2.1898E+00     -0.0624  7.7341E-02
  476.8742    6.0000    2.9998    2.8810    3.9753    2.4684    3.5229    0.6924  2.1886E+00     -0.0624  7.6705E-02
  476.8792    6.0000    2.9998    2.8800    3.9771    2.4698    3.5227    0.6926  2.1874E+00     -0.0624  7.6071E-02
  476.8842    6.0000    2.9998    2.8790    3.9790    2.4711    3.5225    0.6929  2.1861E+00     -0.0624  7.5438E-02
  476.8892    6.0000    2.9998    2.8781    3.9808    2.4724    3.5222    0.6932  2.1848E+00     -0.0624  7.4808E-02
  476.8942    6.0000    2.9998    2.8771    3.9826    2.4738    3.5220    0.6935  2.1836E+00     -0.0624  7.4180E-02
  476.8992    6.0000    2.9998    2.8761    3.9845    2.4751    3.5218    0.6938  2.1823E+00     -0.0624  7.3553E-02
  476.9042    6.0000    2.9998    2.8751    3.9863    2.4765    3.5216    0.6940  2.1810E+00     -0.0624  7.2929E-02
  476.9092    6.0000    2.9998    2.8741    3.9882    2.4779    3.5214    0.6943  2.1797E+00     -0.0624  7.2306E-02
  476.9142    6.0000    2.9998    2.8730    3.9900    2.4792    3.5212    0.6946  2.1784E+00     -0.0624  7.1685E-02
  476.9192    6.0000    2.9998    2.8720    3.9919    2.4806    3.5210    0.6949  2.1771E+00     -0.0624  7.1066E-02
  476.9242    6.0000    2.9998    2.8710    3.9938    2.4820    3.5207    0.6952  2.1758E+00     -0.0624  7.0450E-02
  476.9292    6.0000    2.9998    2.8699    3.9957    2.4833    3.5205    0.6955  2.1745E+00     -0.0624  6.9835E-02
  476.9342    6.0000    2.9998    2.8689    3.9976    2.4847    3.5203    0.6957  2.1731E+00     -0.0624  6.9222E-02
  476.9392    6.0000    2.9998    2.8678    3.9995    2.4861    3.5201    0.6960  2.1718E+00     -0.0624  6.8611E-02
  476.9442    6.0000    2.9998    2.8668    4.0014    2.4875    3.5198    0.6963  2.1704E+00     -0.0624  6.8002E-02
  476.9492    6.0000    2.9998    2.8657    4.0033    2.4889    3.5196    0.6966  2.1691E+00     -0.0624  6.7395E-02
  476.9542    6.0000    2.9998    2.8646    4.0052    2.4903    3.5194    0.6969  2.1677E+00     -0.0624  6.6790E-02
  476.9592    6.0000    2.9998    2.8635    4.0071    2.4917    3.5192    0.6972  2.1663E+00     -0.0624  6.6188E-02
  476.9642    6.0000    2.9998    2.8624    4.0090    2.4932    3.5189    0.6975  2.1649E+00     -0.0624  6.5587E-02
  476.9692    6.0000    2.9998    2.8613    4.0110    2.4946    3.5187    0.6978  2.1635E+00     -0.0624  6.4988E-02
  476.9742    6.0000    2.9998    2.8602    4.0129    2.4960    3.5185    0.6981  2.1621E+00     -0.0624  6.4391E-02
  476.9792    6.0000    2.9998    2.8591    4.0149    2.4974    3.5183    0.6984  2.1607E+00     -0.0624  6.3797E-02
  476.9842    6.0000    2.9998    2.8579    4.0168    2.4989    3.5180    0.6987  2.1592E+00     -0.0624  6.3204E-02
  476.9892    6.0000    2.9998    2.8568    4.0188    2.5003    3.5178    0.6990  2.1578E+00     -0.0624  6.2614E-02
  476.9942    6.0000    2.9998    2.8556    4.0207    2.5018    3.5176    0.6993  2.1563E+00     -0.0624  6.2025E-02
  476.9992    6.0000    2.9998    2.8544    4.0227    2.5032    3.5173    0.6996  2.1548E+00     -0.0624  6.1439E-02
  477.0042    6.0000    2.9998    2.8533    4.0247    2.5047    3.5171    0.6999  2.1534E+00     -0.0624  6.0855E-02
  477.0092    6.0000    2.9998    2.8521    4.0267    2.5062    3.5169    0.7002  2.1519E+00     -0.0624  6.0273E-02
  477.0142    6.0000    2.9998    2.8509    4.0287    2.5076    3.5166    0.7005  2.1504E+00     -0.0624  5.9693E-02
  477.0192    6.0000    2.9998    2.8497    4.0307    2.5091    3.5164    0.7008  2.1488E+00     -0.0624  5.9115E-02
  477.0242    6.0000    2.9998    2.8485    4.0327    2.5106    3.5162    0.7012  2.1473E+00     -0.0624  5.8539E-02
  477.0292    6.0000    2.9998    2.8472    4.0347    2.5121    3.5159    0.7015  2.1458E+00     -0.0624  5.7966E-02
  477.0342    6.0000    2.9998    2.8460    4.0368    2.5136    3.5157    0.7018  2.1442E+00     -0.0624  5.7395E-02
  477.0392    6.0000    2.9998    2.8448    4.0388    2.5151    3.5154    0.7021  2.1427E+00     -0.0624  5.6825E-02
  477.0442    6.0000    2.9998    2.8435    4.0408    2.5166    3.5152    0.7024  2.1411E+00     -0.0624  5.6259E-02
  477.0492    6.0000    2.9998    2.8422    4.0429    2.5181    3.5149    0.7027  2.1395E+00     -0.0624  5.5694E-02
  477.0542    6.0000    2.9998    2.8409    4.0450    2.5196    3.5147    0.7031  2.1379E+00     -0.0624  5.5132E-02
  477.0592    6.0000    2.9998    2.8397    4.0470    2.5212    3.5144    0.7034  2.1363E+00     -0.0624  5.4571E-02
  477.0642    6.0000    2.9998    2.8384    4.0491    2.5227    3.5142    0.7037  2.1346E+00     -0.0624  5.4013E-02
  477.0692    6.0000    2.9998    2.8370    4.0512    2.5242    3.5139    0.7040  2.1330E+00     -0.0624  5.3458E-02
  477.0742    6.0000    2.9998    2.8357    4.0533    2.5258    3.5137    0.7044  2.1313E+00     -0.0624  5.2904E-02
  477.0792    6.0000    2.9998    2.8344    4.0554    2.5273    3.5134    0.7047  2.1297E+00     -0.0624  5.2353E-02
  477.0842    6.0000    2.9998    2.8330    4.0575    2.5289    3.5132    0.7050  2.1280E+00     -0.0624  5.1804E-02
  477.0892    6.0000    2.9998    2.8317    4.0596    2.5305    3.5129    0.7054  2.1263E+00     -0.0624  5.1258E-02
  477.0942    6.0000    2.9998    2.8303    4.0617    2.5320    3.5127    0.7057  2.1246E+00     -0.0624  5.0714E-02
  477.0992    6.0000    2.9998    2.8289    4.0639    2.5336    3.5124    0.7060  2.1229E+00     -0.0624  5.0172E-02
  477.1042    6.0000    2.9998    2.8275    4.0660    2.5352    3.5122    0.7064  2.1211E+00     -0.0624  4.9632E-02
  477.1092    6.0000    2.9998    2.8261    4.0681    2.5368    3.5119    0.7067  2.1194E+00     -0.0624  4.9095E-02
  477.1142    6.0000    2.9998    2.8247    4.0703    2.5384    3.5117    0.7070  2.1176E+00     -0.0624  4.8560E-02
  477.1192    6.0000    2.9998    2.8232    4.0725    2.5400    3.5114    0.7074  2.1158E+00     -0.0624  4.8028E-02
  477.1242    6.0000    2.9998    2.8218    4.0746    2.5416    3.5111    0.7077  2.1141E+00     -0.0624  4.7498E-02
  477.1292    6.0000    2.9998    2.8203    4.0768    2.5432    3.5109    0.7081  2.1122E+00     -0.0624  4.6970E-02
  477.1342    6.0000    2.9998    2.8188    4.0790    2.5449    3.5106    0.7084  2.1104E+00     -0.0624  4.6445E-02
  477.1392    6.0000    2.9998    2.8173    4.0812    2.5465    3.5103    0.7088  2.1086E+00     -0.0624  4.5922E-02
  477.1442    6.0000    2.9998    2.8158    4.0834    2.5481    3.5101    0.7091  2.1067E+00     -0.0624  4.5402E-02
  477.1492    6.0000    2.9998    2.8143    4.0857    2.5498    3.5098    0.7095  2.1048E+00     -0.0624  4.4884E-02
  477.1542    6.0000    2.9998    2.8128    4.0879    2.5514    3.5095    0.7098  2.1030E+00     -0.0624  4.4369E-02
  477.1592    6.0000    2.9998    2.8112    4.0901    2.5531    3.5092    0.7102  2.1010E+00     -0.0624  4.3856E-02
  477.1642    6.0000    2.9998    2.8097    4.0924    2.5548    3.5090    0.7105  2.0991E+00     -0.0624  4.3346E-02
  477.1692    6.0000    2.9998    2.8081    4.0946    2.5565    3.5087    0.7109  2.0972E+00     -0.0624  4.2838E-02
  477.1742    6.0000    2.9998    2.8065    4.0969    2.5581    3.5084    0.7113  2.0952E+00     -0.0624  4.2332E-02
  477.1792    6.0000    2.9998    2.8049    4.0992    2.5598    3.5081    0.7116  2.0933E+00     -0.0624  4.1830E-02
  477.1842    6.0000    2.9998    2.8033    4.1015    2.5615    3.5079    0.7120  2.0913E+00     -0.0624  4.1329E-02
  477.1892    6.0000    2.9998    2.8016    4.1038    2.5633    3.5076    0.7124  2.0893E+00     -0.0624  4.0832E-02
  477.1942    6.0000    2.9998    2.8000    4.1061    2.5650    3.5073    0.7127  2.0872E+00     -0.0624  4.0337E-02
  477.1992    6.0000    2.9998    2.7983    4.1084    2.5667    3.5070    0.7131  2.0852E+00     -0.0624  3.9844E-02
  477.2042    6.0000    2.9998    2.7966    4.1107    2.5684    3.5067    0.7135  2.0831E+00     -0.0624  3.9355E-02
  477.2092    6.0000    2.9998    2.7949    4.1130    2.5702    3.5064    0.7138  2.0810E+00     -0.0624  3.8867E-02
  477.2142    6.0000    2.9998    2.7932    4.1154    2.5719    3.5061    0.7142  2.0789E+00     -0.0624  3.8383E-02
  477.2192    6.0000    2.9998    2.7914    4.1177    2.5737    3.5059    0.7146  2.0768E+00     -0.0624  3.7901E-02
  477.2242    6.0000    2.9998    2.7897    4.1201    2.5755    3.5056    0.7150  2.0747E+00     -0.0624  3.7422E-02
  477.2292    6.0000    2.9998    2.7879    4.1225    2.5772    3.5053    0.7154  2.0725E+00     -0.0624  3.6945E-02
  477.2342    6.0000    2.9998    2.7861    4.1249    2.5790    3.5050    0.7158  2.0703E+00     -0.0624  3.6472E-02
  477.2392    6.0000    2.9998    2.7843    4.1273    2.5808    3.5047    0.7161  2.0681E+00     -0.0624  3.6001E-02
  477.2442    6.0000    2.9998    2.7824    4.1297    2.5826    3.5044    0.7165  2.0659E+00     -0.0624  3.5532E-02
  477.2492    6.0000    2.9998    2.7806    4.1321    2.5844    3.5041    0.7169  2.0637E+00     -0.0624  3.5067E-02
  477.2542    6.0000    2.9998    2.7787    4.1345    2.5862    3.5038    0.7173  2.0614E+00     -0.0624  3.4604E-02
  477.2592    6.0000    2.9998    2.7768    4.1369    2.5881    3.5035    0.7177  2.0591E+00     -0.0624  3.4144E-02
  477.2642    6.0000    2.9998    2.7749    4.1394    2.5899    3.5032    0.7181  2.0568E+00     -0.0624  3.3687E-02
  477.2692    6.0000    2.9998    2.7730    4.1419    2.5918    3.5029    0.7185  2.0545E+00     -0.0624  3.3232E-02
  477.2742    6.0000    2.9998    2.7710    4.1443    2.5936    3.5025    0.7189  2.0521E+00     -0.0624  3.2781E-02
  477.2792    6.0000    2.9998    2.7690    4.1468    2.5955    3.5022    0.7193  2.0497E+00     -0.0624  3.2332E-02
  477.2842    6.0000    2.9998    2.7670    4.1493    2.5973    3.5019    0.7197  2.0473E+00     -0.0624  3.1886E-02
  477.2892    6.0000    2.9998    2.7650    4.1518    2.5992    3.5016    0.7201  2.0449E+00     -0.0624  3.1443E-02
  477.2942    6.0000    2.9998    2.7630    4.1543    2.6011    3.5013    0.7206  2.0424E+00     -0.0624  3.1003E-02
  477.2992    6.0000    2.9998    2.7609    4.1569    2.6030    3.5010    0.7210  2.0400E+00     -0.0624  3.0566E-02
  477.3042    6.0000    2.9998    2.7588    4.1594    2.6049    3.5007    0.7214  2.0375E+00     -0.0624  3.0132E-02
  477.3092    6.0000    2.9998    2.7567    4.1620    2.6069    3.5003    0.7218  2.0349E+00     -0.0624  2.9700E-02
  477.3142    6.0000    2.9998    2.7546    4.1645    2.6088    3.5000    0.7222  2.0324E+00     -0.0624  2.9272E-02
  477.3192    6.0000    2.9998    2.7525    4.1671    2.6107    3.4997    0.7227  2.0298E+00     -0.0624  2.8846E-02
  477.3242    6.0000    2.9998    2.7503    4.1697    2.6127    3.4993    0.7231  2.0272E+00     -0.0624  2.8424E-02
  477.3292    6.0000    2.9998    2.7481    4.1723    2.6147    3.4990    0.7235  2.0246E+00     -0.0624  2.8004E-02
  477.3342    6.0000    2.9998    2.7458    4.1749    2.6166    3.4987    0.7240  2.0219E+00     -0.0624  2.7588E-02
  477.3392    6.0000    2.9998    2.7436    4.1775    2.6186    3.4983    0.7244  2.0192E+00     -0.0624  2.7175E-02
  477.3442    6.0000    2.9998    2.7413    4.1802    2.6206    3.4980    0.7248  2.0165E+00     -0.0624  2.6764E-02
  477.3492    6.0000    2.9998    2.7390    4.1828    2.6226    3.4977    0.7253  2.0137E+00     -0.0624  2.6357E-02
  477.3542    6.0000    2.9998    2.7367    4.1855    2.6246    3.4973    0.7257  2.0110E+00     -0.0624  2.5953E-02
  477.3592    6.0000    2.9998    2.7343    4.1882    2.6267    3.4970    0.7262  2.0082E+00     -0.0624  2.5551E-02
  477.3642    6.0000    2.9998    2.7319    4.1909    2.6287    3.4966    0.7266  2.0053E+00     -0.0624  2.5153E-02
  477.3692    6.0000    2.9998    2.7293    4.1936    2.6308    3.4963    0.7271  2.0022E+00     -0.0624  2.4747E-02
  477.3742    6.0000    2.9998    2.7262    4.1963    2.6329    3.4959    0.7275  1.9987E+00     -0.0624  2.4329E-02
  477.3792    6.0000    2.9998    2.7227    4.1990    2.6350    3.4955    0.7280  1.9947E+00     -0.0624  2.3896E-02
  477.3842    6.0000    2.9998    2.7186    4.2018    2.6372    3.4951    0.7284  1.9902E+00     -0.0624  2.3445E-02
  477.3892    6.0000    2.9998    2.7139    4.2045    2.6394    3.4947    0.7289  1.9850E+00     -0.0624  2.2973E-02
  477.3942    6.0000    2.9998    2.7083    4.2073    2.6417    3.4943    0.7294  1.9789E+00     -0.0624  2.2474E-02
  477.3992    6.0000    2.9998    2.7016    4.2101    2.6440    3.4938    0.7298  1.9718E+00     -0.0624  2.1942E-02
  477.4042    6.0000    2.9998    2.6936    4.2129    2.6464    3.4933    0.7303  1.9633E+00     -0.0624  2.1366E-02
  477.4092    6.0000    2.9998    2.6837    4.2157    2.6490    3.4927    0.7308  1.9529E+00     -0.0624  2.0734E-02
  477.4142    6.0000    2.9998    2.6712    4.2186    2.6516    3.4921    0.7313  1.9400E+00     -0.0624  2.0023E-02
  477.4192    6.0000    2.9998    2.6551    4.2214    2.6546    3.4913    0.7317  1.9233E+00     -0.0624  1.9200E-02
  477.4242    6.0000    2.9998    2.6330    4.2243    2.6578    3.4904    0.7322  1.9008E+00     -0.0624  1.8205E-02
  477.4282    6.0000    2.9998    2.6067    4.2266    2.6609    3.4895    0.7326  1.8740E+00     -0.0624  1.7156E-02
  477.4309    6.0000    2.9998    2.5806    4.2282    2.6635    3.4886    0.7329  1.8477E+00     -0.0624  1.6226E-02
  477.4327    6.0000    2.9998    2.5548    4.2292    2.6657    3.4877    0.7331  1.8217E+00     -0.0624  1.5380E-02
  477.4339    6.0000    2.9998    2.5292    4.2299    2.6676    3.4869    0.7332  1.7961E+00     -0.0624  1.4601E-02
  477.4350    6.0000    2.9998    2.5039    4.2305    2.6696    3.4861    0.7333  1.7707E+00     -0.0624  1.3865E-02
  477.4361    6.0000    2.9998    2.4789    4.2312    2.6715    3.4853    0.7334  1.7455E+00     -0.0624  1.3167E-02
  477.4371    6.0000    2.9998    2.4541    4.2318    2.6734    3.4845    0.7335  1.7206E+00     -0.0624  1.2506E-02
  477.4382    6.0000    2.9998    2.4296    4.2324    2.6753    3.4837    0.7336  1.6960E+00     -0.0624  1.1878E-02
  477.4392    6.0000    2.9998    2.4053    4.2330    2.6772    3.4829    0.7337  1.6716E+00     -0.0624  1.1283E-02
  477.4403    6.0000    2.9998    2.3812    4.2336    2.6791    3.4821    0.7338  1.6474E+00     -0.0624  1.0718E-02
  477.4413    6.0000    2.9998    2.3574    4.2342    2.6810    3.4813    0.7339  1.6235E+00     -0.0624  1.0182E-02
  477.4423    6.0000    2.9998    2.3338    4.2348    2.6828    3.4806    0.7340  1.5998E+00     -0.0624  9.6740E-03
  477.4433    6.0000    2.9998    2.3105    4.2354    2.6847    3.4798    0.7341  1.5764E+00     -0.0624  9.1920E-03
  477.4443    6.0000    2.9998    2.2874    4.2360    2.6866    3.4790    0.7342  1.5532E+00     -0.0624  8.7348E-03
  477.4453    6.0000    2.9998    2.2645    4.2365    2.6885    3.4782    0.7343  1.5302E+00     -0.0624  8.3011E-03
  477.4463    6.0000    2.9998    2.2419    4.2371    2.6903    3.4774    0.7344  1.5075E+00     -0.0624  7.8897E-03
  477.4472    6.0000    2.9998    2.2195    4.2377    2.6922    3.4766    0.7345  1.4850E+00     -0.0624  7.4994E-03
  477.4482    6.0000    2.9998    2.1973    4.2382    2.6940    3.4758    0.7346  1.4627E+00     -0.0624  7.1291E-03
  477.4491    6.0000    2.9998    2.1753    4.2388    2.6959    3.4750    0.7347  1.4406E+00     -0.0624  6.7778E-03
  477.4500    6.0000    2.9998    2.1535    4.2393    2.6977    3.4742    0.7348  1.4188E+00     -0.0624  6.4446E-03
  477.4509    6.0000    2.9998    2.1320    4.2399    2.6996    3.4734    0.7349  1.3971E+00     -0.0624  6.1284E-03
  477.4518    6.0000    2.9998    2.1107    4.2404    2.7014    3.4727    0.7350  1.3757E+00     -0.0624  5.8284E-03
  477.4527    6.0000    2.9998    2.0896    4.2409    2.7033    3.4719    0.7351  1.3545E+00     -0.0624  5.5437E-03
  477.4536    6.0000    2.9998    2.0687    4.2415    2.7051    3.4711    0.7351  1.3335E+00     -0.0624  5.2736E-03
  477.4545    6.0000    2.9998    2.0480    4.2420    2.7069    3.4703    0.7352  1.3128E+00     -0.0624  5.0172E-03
  477.4553    6.0000    2.9998    2.0275    4.2425    2.7088    3.4695    0.7353  1.2922E+00     -0.0624  4.7739E-03
  477.4562    6.0000    2.9998    2.0072    4.2430    2.7106    3.4687    0.7354  1.2718E+00     -0.0624  4.5430E-03
  477.4570    6.0000    2.9998    1.9872    4.2435    2.7129    3.4677    0.7355  1.2517E+00     -0.0624  4.3148E-03
  477.4579    6.0000    2.9998    1.9673    4.2440    2.7158    3.4664    0.7356  1.2317E+00     -0.0624  4.0858E-03
  477.4587    6.0000    2.9998    1.9476    4.2445    2.7187    3.4650    0.7357  1.2120E+00     -0.0624  3.8703E-03
  477.4595    6.0000    2.9998    1.9281    4.2450    2.7216    3.4637    0.7357  1.1924E+00     -0.0624  3.6673E-03
  477.4603    6.0000    2.9998    1.9089    4.2454    2.7244    3.4624    0.7358  1.1730E+00     -0.0624  3.4761E-03
  477.4611    6.0000    2.9998    1.8898    4.2459    2.7271    3.4612    0.7359  1.1539E+00     -0.0624  3.2959E-03
  477.4619    6.0000    2.9998    1.8709    4.2464    2.7299    3.4599    0.7360  1.1349E+00     -0.0624  3.1261E-03
  477.4627    6.0000    2.9998    1.8522    4.2469    2.7325    3.4587    0.7361  1.1161E+00     -0.0624  2.9660E-03
  477.4634    6.0000    2.9998    1.8336    4.2473    2.7352    3.4575    0.7361  1.0975E+00     -0.0624  2.8150E-03
  477.4642    6.0000    2.9998    1.8153    4.2478    2.7378    3.4563    0.7362  1.0791E+00     -0.0624  2.6725E-03
  477.4650    6.0000    2.9998    1.7972    4.2482    2.7403    3.4552    0.7363  1.0609E+00     -0.0624  2.5381E-03
  477.4657    6.0000    2.9998    1.7792    4.2487    2.7422    3.4543    0.7364  1.0428E+00     -0.0624  2.4180E-03
  477.4664    6.0000    2.9998    1.7614    4.2491    2.7440    3.4535    0.7365  1.0249E+00     -0.0624  2.3050E-03
  477.4672    6.0000    2.9998    1.7438    4.2496    2.7458    3.4528    0.7365  1.0072E+00     -0.0624  2.1978E-03
  477.4679    6.0000    2.9998    1.7263    4.2500    2.7476    3.4520    0.7366  9.8974E-01     -0.0624  2.0961E-03
  477.4686    6.0000    2.9998    1.7091    4.2504    2.7493    3.4512    0.7367  9.7240E-01     -0.0624  1.9996E-03
  477.4693    6.0000    2.9998    1.6920    4.2509    2.7510    3.4505    0.7367  9.5524E-01     -0.0624  1.9079E-03
  477.4700    6.0000    2.9998    1.6751    4.2513    2.7527    3.4497    0.7368  9.3824E-01     -0.0624  1.8209E-03
  477.4707    6.0000    2.9998    1.6583    4.2517    2.7544    3.4490    0.7369  9.2142E-01     -0.0624  1.7382E-03
  477.4714    6.0000    2.9998    1.6417    4.2521    2.7560    3.4483    0.7370  9.0477E-01     -0.0624  1.6596E-03
  477.4720    6.0000    2.9998    1.6253    4.2525    2.7576    3.4476    0.7370  8.8828E-01     -0.0624  1.5850E-03
  477.4727    6.0000    2.9998    1.6091    4.2529    2.7592    3.4469    0.7371  8.7196E-01     -0.0624  1.5140E-03
  477.4734    6.0000    2.9998    1.5930    4.2533    2.7608    3.4462    0.7372  8.5580E-01     -0.0624  1.4465E-03
  477.4740    6.0000    2.9998    1.5770    4.2537    2.7624    3.4455    0.7372  8.3980E-01     -0.0624  1.3824E-03
  477.4747    6.0000    2.9998    1.5613    4.2541    2.7639    3.4448    0.7373  8.2396E-01     -0.0624  1.3213E-03
  477.4753    6.0000    2.9998    1.5457    4.2545    2.7654    3.4442    0.7374  8.0828E-01     -0.0624  1.2632E-03
  477.4760    6.0000    2.9998    1.5302    4.2549    2.7669    3.4435    0.7374  7.9276E-01     -0.0624  1.2079E-03
  477.4766    6.0000    2.9998    1.5149    4.2553    2.7684    3.4429    0.7375  7.7739E-01     -0.0624  1.1552E-03
  477.4772    6.0000    2.9998    1.4998    4.2556    2.7699    3.4422    0.7376  7.6218E-01     -0.0624  1.1050E-03
  477.4778    6.0000    2.9998    1.4848    4.2560    2.7710    3.4418    0.7376  7.3874E-01     -0.0624  1.0659E-03
  477.4784    6.0000    2.9998    1.4699    4.2564    2.7720    3.4414    0.7377  7.1400E-01     -0.0624  1.0299E-03
  477.4790    6.0000    2.9998    1.4552    4.2567    2.7729    3.4410    0.7378  6.8974E-01     -0.0624  9.9505E-04
  477.4796    6.0000    2.9998    1.4407    4.2571    2.7738    3.4406    0.7378  6.6595E-01     -0.0624  9.6136E-04
  477.4802    6.0000    2.9998    1.4262    4.2575    2.7747    3.4403    0.7379  6.4264E-01     -0.0624  9.2874E-04
  477.4808    6.0000    2.9998    1.4120    4.2578    2.7756    3.4399    0.7379  6.1979E-01     -0.0624  8.9716E-04
  477.4814    6.0000    2.9998    1.3979    4.2582    2.7764    3.4396    0.7380  5.9742E-01     -0.0624  8.6657E-04
  477.4819    6.0000    2.9998    1.3839    4.2585    2.7773    3.4393    0.7381  5.7550E-01     -0.0624  8.3691E-04
  477.4825    6.0000    2.9998    1.3700    4.2589    2.7781    3.4390    0.7381  5.5404E-01     -0.0624  8.0816E-04
  477.4830    6.0000    2.9998    1.3563    4.2592    2.7788    3.4387    0.7382  5.3305E-01     -0.0624  7.8026E-04
  477.4836    6.0000    2.9998    1.3428    4.2595    2.7796    3.4384    0.7382  5.1250E-01     -0.0624  7.5318E-04
  477.4841    6.0000    2.9998    1.3294    4.2599    2.7803    3.4381    0.7383  4.9240E-01     -0.0624  7.2688E-04
  477.4847    6.0000    2.9998    1.3161    4.2602    2.7810    3.4378    0.7384  4.7275E-01     -0.0624  7.0132E-04
  477.4852    6.0000    2.9998    1.3029    4.2605    2.7816    3.4376    0.7384  4.5355E-01     -0.0624  6.7648E-04
  477.4857    6.0000    2.9998    1.2899    4.2608    2.7822    3.4374    0.7385  4.3478E-01     -0.0624  6.5231E-04
  477.4862    6.0000    2.9998    1.2770    4.2612    2.7828    3.4371    0.7385  4.1646E-01     -0.0624  6.2878E-04
  477.4868    6.0000    2.9998    1.2642    4.2615    2.7834    3.4369    0.7386  3.9857E-01     -0.0624  6.0586E-04
  477.4873    6.0000    2.9998    1.2516    4.2618    2.7839    3.4367    0.7386  3.8111E-01     -0.0624  5.8353E-04
  477.4878    6.0000    2.9998    1.2390    4.2621    2.7845    3.4366    0.7387  3.6408E-01     -0.0624  5.6175E-04
  477.4883    6.0000    2.9998    1.2267    4.2624    2.7849    3.4364    0.7387  3.4748E-01     -0.0624  5.4050E-04
  477.4888    6.0000    2.9998    1.2144    4.2627    2.7854    3.4362    0.7388  3.3130E-01     -0.0624  5.1974E-04
  477.4893    6.0000    2.9998    1.2022    4.2630    2.7858    3.4361    0.7388  3.1555E-01     -0.0624  4.9946E-04
  477.4897    6.0000    2.9998    1.1902    4.2633    2.7862    3.4360    0.7389  3.0021E-01     -0.0624  4.7963E-04
  477.4902    6.0000    2.9998    1.1783    4.2636    2.7866    3.4359    0.7389  2.8530E-01     -0.0624  4.6023E-04
  477.4907    6.0000    2.9998    1.1665    4.2639    2.7869    3.4358    0.7390  2.7079E-01     -0.0624  4.4123E-04
  477.4911    6.0000    2.9998    1.1549    4.2642    2.7872    3.4357    0.7390  2.5670E-01     -0.0624  4.2262E-04
  477.4916    6.0000    2.9998    1.1433    4.2645    2.7874    3.4357    0.7391  2.4302E-01     -0.0624  4.0436E-04
  477.4921    6.0000    2.9998    1.1319    4.2648    2.7877    3.4356    0.7391  2.2975E-01     -0.0624  3.8646E-04
  477.4925    6.0000    2.9998    1.1206    4.2650    2.7879    3.4356    0.7392  2.1688E-01     -0.0624  3.6888E-04
  477.4930    6.0000    2.9998    1.1094    4.2653    2.7880    3.4356    0.7392  2.0441E-01     -0.0624  3.5161E-04
  477.4934    6.0000    2.9998    1.0983    4.2656    2.7881    3.4356    0.7393  1.9234E-01     -0.0624  3.3464E-04
  477.4938    6.0000    2.9998    1.0873    4.2659    2.7882    3.4356    0.7393  1.8067E-01     -0.0624  3.1795E-04
  477.4943    6.0000    2.9998    1.0764    4.2661    2.7882    3.4357    0.7394  1.6940E-01     -0.0624  3.0153E-04
  477.4947    6.0000    2.9998    1.0657    4.2664    2.7882    3.4358    0.7394  1.5852E-01     -0.0624  2.8536E-04
  477.4951    6.0000    2.9998    1.0550    4.2667    2.7881    3.4359    0.7395  1.4803E-01     -0.0624  2.6945E-04
  477.4955    6.0000    2.9998    1.0444    4.2669    2.7880    3.4360    0.7395  1.3792E-01     -0.0624  2.5378E-04
  477.4960    6.0000    2.9998    1.0340    4.2672    2.7879    3.4361    0.7396  1.2821E-01     -0.0624  2.3834E-04
  477.4964    6.0000    2.9998    1.0237    4.2674    2.7877    3.4363    0.7396  1.1887E-01     -0.0624  2.2314E-04
  477.4968    6.0000    2.9998    1.0134    4.2677    2.7874    3.4365    0.7396  1.0992E-01     -0.0624  2.0818E-04
  477.4972    6.0000    2.9998    1.0033    4.2679    2.7871    3.4367    0.7397  1.0134E-01     -0.0624  1.9345E-04
  477.4976    6.0000    2.9998    0.9933    4.2682    2.7868    3.4369    0.7397  9.3145E-02     -0.0624  1.7897E-04
  477.4980    6.0000    2.9998    0.9833    4.2684    2.7863    3.4372    0.7398  8.5319E-02     -0.0624  1.6475E-04
  477.4984    6.0000    2.9998    0.9735    4.2687    2.7858    3.4375    0.7398  7.7863E-02     -0.0624  1.5079E-04
  477.4987    6.0000    2.9998    0.9638    4.2689    2.7853    3.4379    0.7399  7.0774E-02     -0.0624  1.3713E-04
  477.4991    6.0000    2.9998    0.9541    4.2691    2.7846    3.4383    0.7399  6.4050E-02     -0.0624  1.2378E-04
  477.4995    6.0000    2.9998    0.9446    4.2694    2.7839    3.4387    0.7399  5.7687E-02     -0.0624  1.1079E-04
  477.4999    6.0000    2.9998    0.9351    4.2696    2.7831    3.4391    0.7400  5.1683E-02     -0.0624  9.8185E-05
  477.5003    6.0000    2.9998    0.9258    4.2698    2.7821    3.4397    0.7400  4.6034E-02     -0.0624  8.6018E-05
  477.5006    6.0000    2.9998    0.9165    4.2701    2.7811    3.4402    0.7401  4.0736E-02     -0.0624  7.4344E-05
  477.5010    6.0000    2.9998    0.9074    4.2703    2.7800    3.4408    0.7401  3.5785E-02     -0.0624  6.3229E-05
  477.5013    6.0000    2.9998    0.8983    4.2705    2.7787    3.4415    0.7401  3.1178E-02     -0.0624  5.2747E-05
  477.5017    6.0000    2.9998    0.8893    4.2707    2.7773    3.4423    0.7402  2.6910E-02     -0.0624  4.2982E-05
  477.5020    6.0000    2.9998    0.8804    4.2709    2.7757    3.4431    0.7402  2.2977E-02     -0.0624  3.4024E-05
  477.5024    6.0000    2.9998    0.8716    4.2712    2.7740    3.4441    0.7403  1.9373E-02     -0.0624  2.5969E-05
  477.5027    6.0000    2.9998    0.8629    4.2714    2.7720    3.4451    0.7403  1.6094E-02     -0.0624  1.8913E-05
  477.5031    6.0000    2.9998    0.8543    4.2716    2.7697    3.4463    0.7403  1.3133E-02     -0.0624  1.2944E-05
  477.5034    6.0000    2.9998    0.8457    4.2718    2.7672    3.4476    0.7404  1.0484E-02     -0.0624  8.1322E-06
  477.5038    6.0000    2.9998    0.8373    4.2720    2.7642    3.4492    0.7404  8.1423E-03     -0.0624  4.5094E-06
  477.5041    6.0000    2.9998    0.8289    4.2722    2.7607    3.4510    0.7404  6.1002E-03     -0.0624  2.0501E-06
  477.5044    6.0000    2.9998    0.8206    4.2723    2.7565    3.4531    0.7405  4.3524E-03     -0.0624  6.4317E-07
  477.5047    6.0000    2.9998    0.8124    4.2725    2.7514    3.4557    0.7405  2.8948E-03     -0.0624  6.6598E-08
  477.5050    6.0000    2.9998    0.8043    4.2727    2.7448    3.4590    0.7405  1.7267E-03     -0.0624  9.4245E-14
  477.5054    6.0000    2.9998    0.7962    4.2728    2.7359    3.4635    0.7406  8.5372E-04     -0.0624  1.4250E-13
  477.5057    6.0000    2.9998    0.7883    4.2728    2.7229    3.4700    0.7406  2.8884E-04     -0.0624  2.4609E-13
  477.5060    6.0000    2.9998    0.7804    4.2726    2.7017    3.4806    0.7406  3.5294E-05     -0.0624  5.0918E-13
  477.5063    6.0000    2.9998    0.7726    4.2721    2.6616    3.5005    0.7407  2.6046E-09     -0.0624  1.0252E-12
  477.5066    6.0000    2.9998    0.7649    4.2703    2.5667    3.5475    0.7407  1.0000E-10     -0.0624  2.0539E-12
  477.5069    6.0000    2.9998    0.7572    4.2629    2.2586    3.6997    0.7407  1.0000E-10     -0.0624  1.1579E-11
  477.5113    6.0000    2.9998    0.7533    4.2488    1.7093    3.9708    0.7412  1.0000E-10     -0.0624  1.7248E-10
  477.5132    6.0000    2.9998    0.7529    4.2449    1.5712    4.0389    0.7414  1.0000E-10     -0.0624  3.3100E-10
  477.5148    6.0000    2.9998    0.7525    4.2406    1.4378    4.1045    0.7416  1.0000E-10     -0.0624  6.1630E-10
  477.5162    6.0000    2.9998    0.7514    4.2241    1.0580    4.2903    0.7418  1.0000E-10     -0.0624  3.4094E-09
  477.5173    6.0000    2.9998    0.7502    4.1954    0.5736    4.5253    0.7419  1.0000E-10     -0.0624  2.2433E-08
  477.5181    6.0000    2.9998    0.7500    4.1862    0.4445    4.5876    0.7420  1.0000E-10     -0.0624  3.3250E-08
  477.5190    6.0000    2.9998    0.7498    4.1739    0.2923    4.6606    0.7421  1.0000E-10     -0.0624  4.8969E-08
  477.5197    6.0000    2.9998    0.7495    4.1598    0.1388    4.7338    0.7422  1.0000E-10     -0.0624  6.6683E-08
  477.5205    6.0000    2.9998    0.7494    4.1493    0.0363    4.7825    0.7422  1.0000E-10     -0.0624  7.8696E-08
  477.5212    6.0000    2.9998    0.7493    4.1381   -0.0641    4.8298    0.7423  1.0000E-10     -0.0624  9.0145E-08
  477.5220    6.0000    2.9998    0.7492    4.1259   -0.1622    4.8758    0.7424  1.0000E-10     -0.0624  1.0083E-07
  477.5227    6.0000    2.9998    0.7490    4.1128   -0.2579    4.9204    0.7425  1.0000E-10     -0.0624  1.1067E-07
  477.5234    6.0000    2.9998    0.7489    4.0986   -0.3511    4.9635    0.7426  1.0000E-10     -0.0624  1.1967E-07
  477.5241    6.0000    2.9998    0.7488    4.0833   -0.4419    5.0050    0.7426  1.0000E-10     -0.0624  1.2790E-07
  477.5248    6.0000    2.9998    0.7487    4.0666   -0.5301    5.0450    0.7427  1.0000E-10     -0.0624  1.3539E-07
  477.5256    6.0000    2.9998    0.7487    4.0487   -0.6156    5.0833    0.7428  1.0000E-10     -0.0624  1.4222E-07
  477.5263    6.0000    2.9998    0.7486    4.0292   -0.6985    5.1198    0.7429  1.0000E-10     -0.0624  1.4844E-07
  477.5270    6.0000    2.9998    0.7485    4.0080   -0.7786    5.1546    0.7430  1.0000E-10     -0.0624  1.5410E-07
  477.5278    6.0000    2.9998    0.7484    3.9851   -0.8560    5.1876    0.7431  1.0000E-10     -0.0624  1.5925E-07
  477.5286    6.0000    2.9998    0.7483    3.9601   -0.9306    5.2186    0.7431  1.0000E-10     -0.0624  1.6392E-07
  477.5293    6.0000    2.9998    0.7483    3.9329   -1.0025    5.2477    0.7432  1.0000E-10     -0.0624  1.6817E-07
  477.5301    6.0000    2.9998    0.7482    3.9033   -1.0716    5.2749    0.7433  1.0000E-10     -0.0624  1.7203E-07
  477.5309    6.0000    2.9998    0.7482    3.8709   -1.1380    5.3000    0.7434  1.0000E-10     -0.0624  1.7553E-07
  477.5318    6.0000    2.9998    0.7481    3.8355   -1.2017    5.3230    0.7435  1.0000E-10     -0.0624  1.7871E-07
  477.5327    6.0000    2.9998    0.7481    3.7967   -1.2629    5.3439    0.7436  1.0000E-10     -0.0624  1.8308E-07
  477.5336    6.0000    2.9998    0.7480    3.7539   -1.3216    5.3625    0.7437  1.0000E-10     -0.0624  2.3353E-07
  477.5345    6.0000    2.9998    0.7480    3.7065   -1.3779    5.3788    0.7438  1.0000E-10     -0.0624  2.9398E-07
  477.5355    6.0000    2.9998    0.7479    3.6540   -1.4319    5.3927    0.7439  1.0000E-10     -0.0624  3.6556E-07
  477.5365    6.0000    2.9998    0.7479    3.5952   -1.4839    5.4040    0.7440  1.0000E-10     -0.0624  4.4947E-07
  477.5376    6.0000    2.9998    0.7479    3.5289   -1.5340    5.4125    0.7442  1.0000E-10     -0.0624  5.4708E-07
  477.5388    6.0000    2.9998    0.7479    3.4536   -1.5823    5.4178    0.7443  1.0000E-10     -0.0624  6.6002E-07
  477.5401    6.0000    2.9998    0.7478    3.3669   -1.6291    5.4196    0.7444  1.0000E-10     -0.0624  7.9043E-07
  477.5414    6.0000    2.9998    0.7478    3.2659   -1.6746    5.4170    0.7446  1.0000E-10     -0.0624  9.4125E-07
  477.5429    6.0000    2.9998    0.7478    3.1461   -1.7190    5.4093    0.7448  1.0000E-10     -0.0624  1.1167E-06
  477.5446    6.0000    2.9998    0.7478    3.0010   -1.7625    5.3948    0.7450  1.0000E-10     -0.0624  1.3232E-06
  477.5465    6.0000    2.9998    0.7478    2.8209   -1.8054    5.3712    0.7452  1.0000E-10     -0.0624  1.5713E-06
  477.5487    6.0000    2.9998    0.7478    2.5902   -1.8478    5.3347    0.7454  1.0000E-10     -0.0624  1.8803E-06
  477.5516    6.0000    2.9998    0.7478    2.2831   -1.8900    5.2790    0.7458  1.0000E-10     -0.0624  2.2918E-06
  477.5561    6.0000    2.9998    0.7478    1.8447   -1.9326    5.1907    0.7463  1.0000E-10     -0.0624  2.9601E-06
  477.5611    6.0000    2.9998    0.7478    1.5315   -1.9552    5.1237    0.7469  1.0000E-10     -0.0624  3.7637E-06
  477.5661    6.0000    2.9998    0.7478    1.4342   -1.9614    5.1025    0.7475  1.0000E-10     -0.0624  4.7196E-06
  477.5686   11.0000    0.7478    0.7478    1.4305   -1.9618    5.1018    0.7478  1.0000E-10    477.5686  5.3397E-06
  477.6686   11.0000    0.7478    0.7478    1.0752   -1.9618    5.0130    0.7478  1.0000E-10    477.5686  5.3397E-06
  478.6686   11.0000    0.7478    0.7478    0.1570   -1.9618    4.7834    0.7478  1.0000E-10    477.5686  5.3397E-06
  488.6686   11.0000    0.7478    0.7478   -0.9876   -1.9618    4.4972    0.7478  1.0000E-10    477.5686  5.3397E-06
  588.6686   11.0000    0.7478    0.7478   -2.1640   -1.9618    4.2032    0.7478  1.0000E-10    477.5686  5.3397E-06
 1088.6686   11.0000    0.7478    0.7478   -3.0372   -1.9618    3.9848    0.7478  1.0000E-10    477.5686  5.3397E-06
 1588.6686   11.0000    0.7478    0.7478   -3.3436   -1.9618    3.9083    0.7478  1.0000E-10    477.5686  5.3397E-06
 2088.6687   11.0000    0.7478    0.7478   -3.5340   -1.9618    3.8607    0.7478  1.0000E-10    477.5686  5.3397E-06
 2588.6687   11.0000    0.7478    0.7478   -3.6725   -1.9618    3.8260    0.7478  1.0000E-10    477.5686  5.3397E-06
 3088.6687   11.0000    0.7478    0.7478   -3.7814   -1.9618    3.7988    0.7478  1.0000E-10    477.5686  5.3397E-06
 3588.6687   11.0000    0.7478    0.7478   -3.8712   -1.9618    3.7763    0.7478  1.0000E-10    477.5686  5.3397E-06
 4088.6687   11.0000    0.7478    0.7478   -3.9476   -1.9618    3.7573    0.7478  1.0000E-10    477.5686  5.3397E-06
 4588.6685   11.0000    0.7478    0.7478   -4.0140   -1.9618    3.7406    0.7478  1.0000E-10    477.5686  5.3397E-06
 5088.6685   11.0000    0.7478    0.7478   -4.0728   -1.9618    3.7259    0.7478  1.0000E-10    477.5686  5.3397E-06
 5588.6685   11.0000    0.7478    0.7478   -4.1256   -1.9618    3.7127    0.7478  1.0000E-10    477.5686  5.3397E-06
 6088.6685   11.0000    0.7478    0.7478   -4.1734   -1.9618    3.7008    0.7478  1.0000E-10    477.5686  5.3397E-06
 6588.6685   11.0000    0.7478    0.7478   -4.2172   -1.9618    3.6899    0.7478  1.0000E-10    477.5686  5.3397E-06
 7088.6685   11.0000    0.7478    0.7478   -4.2575   -1.9618    3.6798    0.7478  1.0000E-10    477.5686  5.3397E-06
 7588.6685   11.0000    0.7478    0.7478   -4.2948   -1.9618    3.6704    0.7478  1.0000E-10    477.5686  5.3397E-06
 8088.6685   11.0000    0.7478    0.7478   -4.3297   -1.9618    3.6617    0.7478  1.0000E-10    477.5686  5.3397E-06
 8588.6689   11.0000    0.7478    0.7478   -4.3623   -1.9618    3.6536    0.7478  1.0000E-10    477.5686  5.3397E-06
 9088.6689   11.0000    0.7478    0.7478   -4.3929   -1.9618    3.6459    0.7478  1.0000E-10    477.5686  5.3397E-06
 9588.6689   11.0000    0.7478    0.7478   -4.4501   -1.9618    3.6316    0.7478  1.0000E-10    477.5686  5.3397E-06
10088.6689   11.0000    0.7478    0.7478   -4.6004   -1.9618    3.5940    0.7478  1.0000E-10    477.5686  5.3397E-06
10588.6689   11.0000    0.7478    0.7478   -4.7432   -1.9618    3.5584    0.7478  1.0000E-10    477.5686  5.3397E-06
11088.6689   11.0000    0.7478    0.7478   -4.8790   -1.9618    3.5244    0.7478  1.0000E-10    477.5686  5.3397E-06
11588.6689   11.0000    0.7478    0.7478   -5.0086   -1.9618    3.4920    0.7478  1.0000E-10    477.5686  5.3397E-06
12088.6689   11.0000    0.7478    0.7478   -5.1324   -1.9618    3.4610    0.7478  1.0000E-10    477.5686  5.3397E-06
12588.6689   11.0000    0.7478    0.7478   -5.2511   -1.9618    3.4314    0.7478  1.0000E-10    477.5686  5.3397E-06
13088.6689   11.0000    0.7478    0.7478   -5.3649   -1.9618    3.4029    0.7478  1.0000E-10    477.5686  5.3397E-06
13588.6689   11.0000    0.7478    0.7478   -5.4744   -1.9618    3.3756    0.7478  1.0000E-10    477.5686  5.3397E-06
13800.0000   11.0000    0.7478    0.7478   -5.5194   -1.9618    3.3643    0.7478  1.0000E-10    477.5686  5.3397E-06
