0 NaN
0.005 9.1530
0.01 -1.4841
0.015 -1.6929
0.02 -1.5832
0.025 -1.6448
0.03 -1.1218
0.035 -1.3416
0.04 -0.8743
0.045 -0.7334
0.05 -0.7857
0.055 -0.3177
0.06 -0.5975
0.065 -0.0739
0.07 0.6514
0.075 0.4251
0.08 0.3396
0.085 0.8472
0.09 0.7663
0.095 1.1839
0.1 1.1841
0.105 1.4841
0.11 1.5116
0.115 1.8421
0.12 1.8399
0.125 1.9352
0.13 2.1419
0.135 2.3383
0.14 2.7021
0.145 2.9082
0.15 3.1232
0.155 3.3152
0.16 3.3453
0.165 3.3688
0.17 3.4132
0.175 3.2996
0.18 3.4887
0.185 3.2475
0.19 3.3019
0.195 3.1464
0.2 3.3232
0.205 3.1913
0.21 3.3280
0.215 3.3915
0.22 3.3132
0.225 3.6067
0.23 3.4104
0.235 3.7043
0.24 3.5234
0.245 3.9044
0.25 3.6497
0.255 4.0455
0.26 3.8177
0.265 4.1682
0.27 3.8989
0.275 4.0325
0.28 3.9190
0.285 4.1235
0.29 4.2248
0.295 4.2043
0.3 4.1525
0.305 4.2659
0.31 4.1891
0.315 4.2376
0.32 4.1804
0.325 4.1447
0.33 4.0895
0.335 4.3288
0.34 4.2736
0.345 4.3682
0.35 4.3547
0.355 4.4350
0.36 4.4317
0.365 4.5021
0.37 4.5578
0.375 4.7033
0.38 4.7182
0.385 4.9447
0.39 4.9105
0.395 5.1091
0.4 5.0746
0.405 5.0988
0.41 5.1744
0.415 5.2341
0.42 5.1566
0.425 5.1365
0.43 5.1123
0.435 5.2115
0.44 5.2865
0.445 5.2622
0.45 5.3283
0.455 5.2641
0.46 5.2430
0.465 5.2639
0.47 5.4056
0.475 5.3577
0.48 5.2845
0.485 5.2903
0.49 5.4040
0.495 5.3633
0.5 5.4932
0.505 5.4319
0.51 5.3541
0.515 5.2048
0.52 5.4711
0.525 5.2922
0.53 5.3416
0.535 5.4182
0.54 5.3451
0.545 5.4829
0.55 5.3746
0.555 5.3913
0.56 5.3957
0.565 5.4532
0.57 5.4289
0.575 5.5582
0.58 5.5114
0.585 5.5398
0.59 5.5505
0.595 5.5731
0.6 5.6362
0.605 5.6929
0.61 5.6665
0.615 5.7387
0.62 5.7289
0.625 5.7510
0.63 5.6982
0.635 5.7376
0.64 5.8063
0.645 5.7845
0.65 5.8296
0.655 5.7955
0.66 5.8227
0.665 5.8405
0.67 5.9115
0.675 5.9075
0.68 5.8854
0.685 5.8900
0.69 5.9182
0.695 5.9064
0.7 5.9308
0.705 5.9797
0.71 5.9804
0.715 5.8950
0.72 6.0914
0.725 5.9875
0.73 5.9751
0.735 5.9754
0.74 6.0109
0.745 5.9502
0.75 6.0081
0.755 6.0767
0.76 6.1996
0.765 6.0038
0.77 6.1348
0.775 6.1809
0.78 6.0354
0.785 6.0493
0.79 6.0088
0.795 6.1223
0.8 6.0795
0.805 6.0864
0.81 6.1697
0.815 6.2134
0.82 6.2555
0.825 6.1996
0.83 6.0859
0.835 6.2276
0.84 6.1739
0.845 6.2047
0.85 6.0902
0.855 6.2546
0.86 6.1071
0.865 6.1980
0.87 6.2438
0.875 6.1978
0.88 6.1486
0.885 6.2653
0.89 6.1639
0.895 6.0730
0.9 6.1492
0.905 6.0953
0.91 6.2545
0.915 6.2699
0.92 6.2544
0.925 6.2222
0.93 6.3181
0.935 6.2235
0.94 6.1994
0.945 6.2511
0.95 6.2788
0.955 6.3341
0.96 6.3182
0.965 6.3173
0.97 6.2509
0.975 6.2894
0.98 6.2754
0.985 6.1848
0.99 6.3096
0.995 6.3483
1 6.2564
1.005 6.3359
1.01 6.3149
1.015 6.3276
1.02 6.2012
1.025 6.1513
1.03 6.1828
1.035 6.2083
1.04 6.3030
1.045 6.2753
1.05 6.2166
1.055 6.2776
1.06 6.2317
1.065 6.2029
1.07 6.2816
1.075 6.2860
1.08 6.2803
1.085 6.2557
1.09 6.2759
1.095 6.3973
1.1 6.2550
1.105 6.3764
1.11 6.2727
1.115 6.3278
1.12 6.2849
1.125 6.3264
1.13 6.2455
1.135 6.3538
1.14 6.2710
1.145 6.2774
1.15 6.3475
1.155 6.2482
1.16 6.2496
1.165 6.2622
1.17 6.1772
1.175 6.3465
1.18 6.3565
1.185 6.3326
1.19 6.2773
1.195 6.4252
1.2 6.3434
1.205 6.3834
1.21 6.3906
1.215 6.3992
1.22 6.2803
1.225 6.3772
1.23 6.4070
1.235 6.2861
1.24 6.3077
1.245 6.3183
1.25 6.4131
1.255 6.4361
1.26 6.3621
1.265 6.4609
1.27 6.3652
1.275 6.3764
1.28 6.4019
1.285 6.3692
1.29 6.4094
1.295 6.3472
1.3 6.3745
1.305 6.4248
1.31 6.3512
1.315 6.3756
1.32 6.3521
1.325 6.3759
1.33 6.3785
1.335 6.3647
1.34 6.3588
1.345 6.4481
1.35 6.3714
1.355 6.4494
1.36 6.3911
1.365 6.4383
1.37 6.4276
1.375 6.4352
1.38 6.3167
1.385 6.3164
1.39 6.4057
1.395 6.3956
1.4 6.3438
1.405 6.3263
1.41 6.4037
1.415 6.3210
1.42 6.3041
1.425 6.3332
1.43 6.3368
1.435 6.4271
1.44 6.3462
1.445 6.4271
1.45 6.3968
1.455 6.3527
1.46 6.3959
1.465 6.2798
1.47 6.3067
1.475 6.2849
1.48 6.4176
1.485 6.3100
1.49 6.3640
1.495 6.3426
1.5 6.3486
1.505 6.3409
1.51 6.3410
1.515 6.4335
1.52 6.4144
1.525 6.4398
1.53 6.4413
1.535 6.3912
1.54 6.4212
1.545 6.4208
1.55 6.3484
1.555 6.3397
1.56 6.3846
1.565 6.4384
1.57 6.3416
1.575 6.4811
1.58 6.4396
1.585 6.4387
1.59 6.3865
1.595 6.4484
1.6 6.4743
1.605 6.4029
1.61 6.3854
1.615 6.4069
1.62 6.4095
1.625 6.3636
1.63 6.4139
1.635 6.4117
1.64 6.3262
1.645 6.4398
1.65 6.4553
1.655 6.4021
1.66 6.4509
1.665 6.4413
1.67 6.4000
1.675 6.4367
1.68 6.4357
1.685 6.4251
1.69 6.4877
1.695 6.4061
1.7 6.3793
1.705 6.3458
1.71 6.3477
1.715 6.3456
1.72 6.3458
1.725 6.4391
1.73 6.3605
1.735 6.4369
1.74 6.4318
1.745 6.4057
1.75 6.3287
1.755 6.3840
1.76 6.4554
1.765 6.4927
1.77 6.3948
1.775 6.4387
1.78 6.4508
1.785 6.4313
1.79 6.4068
1.795 6.4461
1.8 6.3960
1.805 6.5441
1.81 6.4981
1.815 6.4860
1.82 6.4310
1.825 6.5378
1.83 6.4045
1.835 6.3970
1.84 6.4090
1.845 6.3648
1.85 6.3369
1.855 6.3699
1.86 6.3613
1.865 6.3117
1.87 6.3779
1.875 6.3378
1.88 6.3890
1.885 6.3929
1.89 6.4239
1.895 6.4382
1.9 6.3766
1.905 6.4259
1.91 6.4002
1.915 6.4126
1.92 6.4300
1.925 6.4654
1.93 6.3708
1.935 6.4229
1.94 6.4120
1.945 6.3600
1.95 6.4477
1.955 6.3525
1.96 6.4428
1.965 6.3960
1.97 6.3728
1.975 6.3539
1.98 6.3458
1.985 6.4197
1.99 6.3575
1.995 6.5259
2 6.4675
2.005 6.3999
2.01 6.4203
2.015 6.3582
2.02 6.3671
2.025 6.4372
2.03 6.4531
2.035 6.4926
2.04 6.4066
2.045 6.4276
2.05 6.4290
2.055 6.4807
2.06 6.4297
2.065 6.4271
2.07 6.4392
2.075 6.3888
2.08 6.3936
2.085 6.4966
2.09 6.4656
2.095 6.4807
2.1 6.4150
2.105 6.4501
2.11 6.4512
2.115 6.4054
2.12 6.4139
2.125 6.4179
2.13 6.3434
2.135 6.3852
2.14 6.4530
2.145 6.4306
2.15 6.4559
2.155 6.4467
2.16 6.4119
2.165 6.4087
2.17 6.4533
2.175 6.3848
2.18 6.4223
2.185 6.4521
2.19 6.3946
2.195 6.4562
2.2 6.4158
2.205 6.5210
2.21 6.4742
2.215 6.4447
2.22 6.4559
2.225 6.4867
2.23 6.3601
2.235 6.4279
2.24 6.4181
2.245 6.4981
2.25 6.4206
2.255 6.5009
2.26 6.4461
2.265 6.5055
2.27 6.4558
2.275 6.3913
2.28 6.4758
2.285 6.4899
2.29 6.4138
2.295 6.4256
2.3 6.3989
2.305 6.4100
2.31 6.4154
2.315 6.4604
2.32 6.4705
2.325 6.4572
2.33 6.4480
2.335 6.4586
2.34 6.4453
2.345 6.4989
2.35 6.4171
2.355 6.4789
2.36 6.4343
2.365 6.4584
2.37 6.3924
2.375 6.3943
2.38 6.4073
2.385 6.4348
2.39 6.4139
2.395 6.3561
2.4 6.3974
2.405 6.3880
2.41 6.4005
2.415 6.4533
2.42 6.4537
2.425 6.4377
2.43 6.3754
2.435 6.3789
2.44 6.3661
2.445 6.4143
2.45 6.4900
2.455 6.4953
2.46 6.4162
2.465 6.4133
2.47 6.4070
2.475 6.4566
2.48 6.4703
2.485 6.3724
2.49 6.3544
2.495 6.4545
2.5 6.3686
2.505 6.4638
2.51 6.3701
2.515 6.4656
2.52 6.3945
2.525 6.3692
2.53 6.3753
2.535 6.3774
2.54 6.3737
2.545 6.4805
2.55 6.4433
2.555 6.4588
2.56 6.3518
2.565 6.4220
2.57 6.3342
2.575 6.3778
2.58 6.3837
2.585 6.4472
2.59 6.4027
2.595 6.3913
2.6 6.4817
2.605 6.3972
2.61 6.3238
2.615 6.3611
2.62 6.3904
2.625 6.3828
2.63 6.4124
2.635 6.4534
2.64 6.3994
2.645 6.3193
2.65 6.4390
2.655 6.3323
2.66 6.3829
2.665 6.3965
2.67 6.4724
2.675 6.3685
2.68 6.4211
2.685 6.3592
2.69 6.2913
2.695 6.4157
2.7 6.3981
2.705 6.3911
2.71 6.3624
2.715 6.3938
2.72 6.4019
2.725 6.3814
2.73 6.3466
2.735 6.3789
2.74 6.3890
2.745 6.3924
2.75 6.4443
2.755 6.4246
2.76 6.4104
2.765 6.3419
2.77 6.4357
2.775 6.3276
2.78 6.4151
2.785 6.4016
2.79 6.3940
2.795 6.3695
2.8 6.4307
2.805 6.3836
2.81 6.4058
2.815 6.3527
2.82 6.3695
2.825 6.3222
2.83 6.3989
2.835 6.4355
2.84 6.3331
2.845 6.3999
2.85 6.3540
2.855 6.3851
2.86 6.3667
2.865 6.3667
2.87 6.3929
2.875 6.3619
2.88 6.3694
2.885 6.3454
2.89 6.3418
2.895 6.2867
2.9 6.3302
2.905 6.3222
2.91 6.3933
2.915 6.3715
2.92 6.3561
2.925 6.3832
2.93 6.3276
2.935 6.3438
2.94 6.3420
2.945 6.3069
2.95 6.3672
2.955 6.3280
2.96 6.3634
2.965 6.3327
2.97 6.2893
2.975 6.3176
2.98 6.3490
2.985 6.3255
2.99 6.3725
2.995 6.3304
3 6.3479
3.005 6.3532
3.01 6.3056
3.015 6.3190
3.02 6.4053
3.025 6.3153
3.03 6.3471
3.035 6.3646
3.04 6.3094
3.045 6.3923
3.05 6.2905
3.055 6.3323
3.06 6.3071
3.065 6.3124
3.07 6.3673
3.075 6.2500
3.08 6.2838
3.085 6.2893
3.09 6.3593
3.095 6.2333
3.1 6.2925
3.105 6.2211
3.11 6.2842
3.115 6.2933
3.12 6.3051
3.125 6.2657
3.13 6.2756
3.135 6.1947
3.14 6.2190
3.145 6.2655
3.15 6.1864
3.155 6.2929
3.16 6.2657
3.165 6.3004
3.17 6.2648
3.175 6.2650
3.18 6.2164
3.185 6.3337
3.19 6.2229
3.195 6.2381
3.2 6.2086
3.205 6.2555
3.21 6.2347
3.215 6.3193
3.22 6.2871
3.225 6.2555
3.23 6.2833
3.235 6.2672
3.24 6.2809
3.245 2.1126